time,job_id,num_gpu,submit_time,start_time,end_time,executed_time,JCT,duration,pending_time,preempt,promote
665634,32,1,664372,664372,665634,1262,1262,1262,0,0,0
690043,33,1,664544,664544,690043,25499,25499,25499,0,0,0
738556,41,1,737793,737793,738556,763,763,763,0,0,0
738937,58,1,737907,737907,738937,1030,1030,1030,0,0,0
738940,57,1,737902,737902,738940,1038,1038,1038,0,0,0
739097,86,1,738163,738163,739097,934,934,934,0,0,0
739292,66,1,737957,737957,739292,1335,1335,1335,0,0,0
739531,55,1,737891,737891,739531,1640,1640,1640,0,0,0
739594,53,1,737875,737875,739594,1719,1719,1719,0,0,0
739818,64,1,737946,737946,739818,1872,1872,1872,0,0,0
742059,38,1,737775,737775,742059,4284,4284,4284,0,0,0
743682,47,1,737837,737837,743682,5845,5845,5845,0,0,0
744183,72,1,737996,737996,744183,6187,6187,6187,0,0,0
745531,71,1,737989,737989,745531,7542,7542,7542,0,0,0
746041,74,1,738019,738019,746041,8022,8022,8022,0,0,0
747545,70,1,737984,737984,747545,9561,9561,9561,0,0,0
748697,56,1,737896,737896,748697,10801,10801,10801,0,0,0
749618,49,1,737849,737849,749618,11769,11769,11769,0,0,0
752834,63,1,737941,737941,752834,14893,14893,14893,0,0,0
753683,85,1,738153,738153,753683,15530,15530,15530,0,0,0
753853,76,1,738038,738038,753853,15815,15815,15815,0,0,0
756513,54,1,737884,737884,756513,18629,18629,18629,0,0,0
756613,83,1,738129,738129,756613,18484,18484,18484,0,0,0
757381,79,1,738082,738082,757381,19299,19299,19299,0,0,0
761865,68,1,737967,737967,761865,23898,23898,23898,0,0,0
763606,42,1,737803,737803,763606,25803,25803,25803,0,0,0
764627,45,1,737821,737821,764627,26806,26806,26806,0,0,0
765097,89,1,738201,738201,765097,26896,26896,26896,0,0,0
768594,39,1,737781,737781,768594,30813,30813,30813,0,0,0
769411,73,1,738002,738002,769411,31409,31409,31409,0,0,0
776812,65,1,737952,737952,776812,38860,38860,38860,0,0,0
780611,62,1,737934,737934,780611,42677,42677,42677,0,0,0
787235,87,1,738170,738170,787235,49065,49065,49065,0,0,0
792330,82,1,738116,738116,792330,54214,54214,54214,0,0,0
813203,78,1,738069,738069,813203,75134,75134,75134,0,0,0
815214,31,1,664358,664358,815214,150856,150856,150856,0,0,0
827604,77,1,738049,738049,827604,89555,89555,89555,0,0,0
837932,40,1,737788,737788,837932,100144,100144,100144,0,0,0
855771,116,8,854211,854211,855771,1560,1560,1560,0,0,0
856384,117,8,854694,854694,856384,1690,1690,1690,0,0,0
859281,124,8,857638,857638,859281,1643,1643,1643,0,0,0
859564,122,8,857621,857621,859564,1943,1943,1943,0,0,0
867669,128,8,857760,857760,867669,9909,9909,9909,0,0,0
879175,60,1,737918,737918,879175,141257,141257,133642,7615,2,0
883779,52,1,737868,737868,883779,145911,145911,133600,12311,2,0
895268,67,1,737962,737962,895268,157306,157306,150318,6988,3,0
903062,48,1,737844,737844,903062,165218,165218,161486,3732,2,0
908724,90,1,738211,738211,908724,170513,170513,158255,12258,3,0
922254,88,1,738194,738194,922254,184060,184060,177255,6805,3,0
925620,133,8,869026,869026,925620,56594,56594,56594,0,0,0
928697,119,8,855109,855109,928697,73588,73588,30509,43079,1,0
933080,59,1,737912,737912,933080,195168,195168,190432,4736,1,0
933872,118,8,854728,854728,933872,79144,79144,46749,32395,3,0
937236,84,1,738137,738137,937236,199099,199099,191828,7271,3,0
951523,75,1,738025,738025,951523,213498,213498,206510,6988,3,0
959839,80,1,738097,738097,959839,221742,221742,214754,6988,3,0
963335,51,1,737861,737861,963335,225474,225474,213163,12311,2,0
964346,140,4,962109,962109,964346,2237,2237,2237,0,0,0
982113,43,1,737808,737808,982113,244305,244305,228747,15558,2,0
984025,81,1,738103,738103,984025,245922,245922,238651,7271,3,0
995919,69,1,737973,737973,995919,257946,257946,250958,6988,3,0
1012448,151,8,995735,995735,1012448,16713,16713,16713,0,0,0
1022241,141,4,962888,962888,1022241,59353,59353,58454,899,1,0
1042873,50,1,737855,737855,1042873,305018,305018,292654,12364,5,0
1046781,156,8,996355,996355,1046781,50426,50426,31147,19279,1,0
1048868,177,8,1047409,1047409,1048868,1459,1459,1459,0,0,0
1075994,174,8,1047391,1047391,1075994,28603,28603,28603,0,0,0
1098167,34,1,664555,664555,1098167,433612,433612,357308,76304,9,0
1112497,159,8,996533,996533,1112497,115964,115964,60711,55253,2,0
1121886,170,8,1047356,1047356,1121886,74530,74530,58090,16440,1,0
1126571,46,1,737830,737830,1126571,388741,388741,358688,30053,3,0
1184620,142,8,963205,963205,1184620,221415,221415,64504,156911,4,0
1238687,61,1,737924,737924,1238687,500763,500763,437193,63570,4,0
1280288,155,8,995891,995891,1280288,284397,284397,134145,150252,4,0
1281987,44,1,737814,737814,1281987,544173,544173,501702,42471,4,0
1399760,114,8,854174,854174,1399760,545586,545586,160584,385002,4,0
1562228,199,4,1511967,1511967,1562228,50261,50261,50261,0,0,0
1633531,235,8,1632770,1632770,1633531,761,761,761,0,0,0
1635451,212,4,1631007,1631007,1635451,4444,4444,4444,0,0,0
1638554,223,4,1631550,1631550,1638554,7004,7004,7004,0,0,0
1709147,35,1,674938,674938,1709147,1034209,1034209,864146,170063,11,0
1771624,263,2,1770396,1770396,1771624,1228,1228,1228,0,0,0
1771767,269,2,1770441,1770441,1771767,1326,1326,1326,0,0,0
1771773,266,2,1770430,1770430,1771773,1343,1343,1343,0,0,0
1773232,225,4,1631555,1631555,1773232,141677,141677,95644,46033,2,0
1781297,272,4,1770525,1770525,1781297,10772,10772,10772,0,0,0
1782542,274,4,1770574,1770574,1782542,11968,11968,11968,0,0,0
1788173,265,2,1770407,1770407,1788173,17766,17766,17766,0,0,0
1790121,283,4,1774804,1774804,1790121,15317,15317,15317,0,0,0
1796535,280,4,1774669,1774669,1796535,21866,21866,21866,0,0,0
1797107,268,2,1770435,1770435,1797107,26672,26672,26672,0,0,0
1804882,261,4,1770330,1770330,1804882,34552,34552,34552,0,0,0
1809773,247,2,1646510,1646510,1809773,163263,163263,163263,0,0,0
1829599,288,8,1819598,1819598,1829599,10001,10001,10001,0,0,0
1835788,273,4,1770534,1770534,1835788,65254,65254,64874,380,1,0
1843092,289,8,1822810,1822810,1843092,20282,20282,20282,0,0,0
1843132,287,8,1819445,1819445,1843132,23687,23687,23687,0,0,0
1844831,301,16,1840047,1840047,1844831,4784,4784,4784,0,0,0
1860673,305,8,1856583,1856583,1860673,4090,4090,4090,0,0,0
1861411,304,8,1856572,1856572,1861411,4839,4839,4839,0,0,0
1889552,312,16,1886215,1886215,1889552,3337,3337,3337,0,0,0
1892172,267,2,1770433,1770433,1892172,121739,121739,104123,17616,1,0
1892299,313,16,1889392,1889392,1892299,2907,2907,2907,0,0,0
1892533,315,24,1890617,1890617,1892533,1916,1916,1916,0,0,0
1894721,286,4,1774829,1774829,1894721,119892,119892,80916,38976,2,0
1933464,275,4,1774471,1774471,1933464,158993,158993,120448,38545,1,0
1939507,290,8,1822816,1822816,1939507,116691,116691,52243,64448,1,0
1947796,219,4,1631071,1631071,1947796,316725,316725,126105,190620,7,0
1955486,264,2,1770401,1770401,1955486,185085,185085,167469,17616,1,0
1990084,303,8,1856559,1856559,1990084,133525,133525,49303,84222,2,0
2012259,271,2,1770478,1770478,2012259,241781,241781,224969,16812,1,0
2024733,262,2,1770381,1770381,2024733,254352,254352,236736,17616,1,0
2045325,256,8,1729967,1729967,2045325,315358,315358,108608,206750,8,0
2079515,328,4,2036130,2036130,2079515,43385,43385,43385,0,0,0
2164447,341,8,2163728,2163728,2164447,719,719,719,0,0,0
2181272,228,4,1631570,1631570,2181272,549702,549702,159019,390683,7,0
2246196,343,4,2185324,2185324,2246196,60872,60872,60872,0,0,0
2258391,314,16,1889453,1889453,2258391,368938,368938,70732,298206,5,0
2313429,356,8,2312628,2312628,2313429,801,801,801,0,0,0
2316678,353,8,2312551,2312551,2316678,4127,4127,4127,0,0,0
2317067,354,8,2312590,2312590,2317067,4477,4477,4477,0,0,0
2340128,351,8,2303532,2303532,2340128,36596,36596,33025,3571,1,0
2348031,372,1,2347419,2347419,2348031,612,612,612,0,0,0
2356429,366,8,2322312,2322312,2356429,34117,34117,33098,1019,2,0
2423859,385,1,2422419,2422419,2423859,1440,1440,1440,0,0,0
2423931,382,4,2416845,2416845,2423931,7086,7086,7086,0,0,0
2428261,380,1,2413383,2413383,2428261,14878,14878,14878,0,0,0
2439043,384,4,2418837,2418837,2439043,20206,20206,20206,0,0,0
2476646,373,1,2347446,2347446,2476646,129200,129200,129200,0,0,0
2505672,401,8,2495005,2495005,2505672,10667,10667,10667,0,0,0
2513120,394,4,2478535,2478535,2513120,34585,34585,34585,0,0,0
2513534,402,1,2499303,2499303,2513534,14231,14231,14231,0,0,0
2521485,389,4,2439592,2439592,2521485,81893,81893,81893,0,0,0
2527608,387,1,2427720,2427720,2527608,99888,99888,99888,0,0,0
2533671,397,1,2480539,2480539,2533671,53132,53132,53132,0,0,0
2538397,406,1,2534033,2534033,2538397,4364,4364,4364,0,0,0
2538585,404,8,2516167,2516167,2538585,22418,22418,22418,0,0,0
2560679,259,4,1767582,1767582,2560679,793097,793097,245422,547675,7,0
2579806,407,8,2578905,2578905,2579806,901,901,901,0,0,0
2615760,426,2,2613953,2613953,2615760,1807,1807,1807,0,0,0
2649574,428,2,2617413,2617413,2649574,32161,32161,32161,0,0,0
2658018,480,1,2657616,2657616,2658018,402,402,402,0,0,0
2658209,484,1,2657645,2657645,2658209,564,564,564,0,0,0
2658456,470,1,2657555,2657555,2658456,901,901,901,0,0,0
2658471,451,1,2657376,2657376,2658471,1095,1095,1095,0,0,0
2658495,476,1,2657588,2657588,2658495,907,907,907,0,0,0
2658594,445,1,2657341,2657341,2658594,1253,1253,1253,0,0,0
2658771,477,1,2657599,2657599,2658771,1172,1172,1172,0,0,0
2659724,472,1,2657565,2657565,2659724,2159,2159,2159,0,0,0
2661515,525,1,2660848,2660848,2661515,667,667,667,0,0,0
2661516,457,1,2657416,2657416,2661516,4100,4100,4100,0,0,0
2661580,532,1,2661074,2661074,2661580,506,506,506,0,0,0
2661594,505,1,2660642,2660642,2661594,952,952,952,0,0,0
2661598,524,1,2660835,2660835,2661598,763,763,763,0,0,0
2661770,520,1,2660776,2660776,2661770,994,994,994,0,0,0
2661837,504,1,2660632,2660632,2661837,1205,1205,1205,0,0,0
2661934,513,1,2660670,2660670,2661934,1264,1264,1264,0,0,0
2662216,551,1,2661661,2661661,2662216,555,555,555,0,0,0
2662258,560,1,2661676,2661676,2662258,582,582,582,0,0,0
2662289,556,1,2661668,2661668,2662289,621,621,621,0,0,0
2662332,552,1,2661661,2661661,2662332,671,671,671,0,0,0
2662401,568,1,2661689,2661689,2662401,712,712,712,0,0,0
2662413,603,1,2661782,2661782,2662413,631,631,631,0,0,0
2662446,561,1,2661678,2661678,2662446,768,768,768,0,0,0
2662547,583,1,2661732,2661732,2662547,815,815,815,0,0,0
2662613,582,1,2661732,2661732,2662613,881,881,881,0,0,0
2662750,617,1,2661961,2661961,2662750,789,789,789,0,0,0
2662761,613,1,2661932,2661932,2662761,829,829,829,0,0,0
2662802,569,1,2661691,2661691,2662802,1111,1111,1111,0,0,0
2662867,622,1,2661986,2661986,2662867,881,881,881,0,0,0
2662873,597,1,2661766,2661766,2662873,1107,1107,1107,0,0,0
2662929,636,1,2662103,2662103,2662929,826,826,826,0,0,0
2663162,620,1,2661979,2661979,2663162,1183,1183,1183,0,0,0
2664054,507,1,2660648,2660648,2664054,3406,3406,3180,226,3,0
2664099,627,1,2662024,2662024,2664099,2075,2075,2075,0,0,0
2664246,515,1,2660677,2660677,2664246,3569,3569,3427,142,2,0
2664337,621,1,2661980,2661980,2664337,2357,2357,2357,0,0,0
2664529,490,1,2659714,2659714,2664529,4815,4815,3959,856,1,0
2664545,553,1,2661664,2661664,2664545,2881,2881,2881,0,0,0
2664925,511,1,2660663,2660663,2664925,4262,4262,4009,253,2,0
2665894,530,1,2661028,2661028,2665894,4866,4866,4866,0,0,0
2666080,433,1,2657296,2657296,2666080,8784,8784,4960,3824,4,0
2666107,575,1,2661705,2661705,2666107,4402,4402,4402,0,0,0
2668098,615,1,2661950,2661950,2668098,6148,6148,6148,0,0,0
2668317,534,1,2661089,2661089,2668317,7228,7228,5971,1257,1,0
2668343,465,1,2657483,2657483,2668343,10860,10860,6172,4688,19,0
2668353,584,1,2661735,2661735,2668353,6618,6618,6502,116,1,0
2668394,634,1,2662069,2662069,2668394,6325,6325,6325,0,0,0
2668565,464,1,2657479,2657479,2668565,11086,11086,6394,4692,19,0
2668572,601,1,2661778,2661778,2668572,6794,6794,6546,248,1,0
2670067,577,1,2661709,2661709,2670067,8358,8358,8056,302,4,0
2671002,713,1,2670581,2670581,2671002,421,421,421,0,0,0
2671021,656,1,2670204,2670204,2671021,817,817,817,0,0,0
2671058,711,1,2670522,2670522,2671058,536,536,536,0,0,0
2671068,697,1,2670381,2670381,2671068,687,687,687,0,0,0
2671216,708,1,2670509,2670509,2671216,707,707,707,0,0,0
2671294,741,1,2670775,2670775,2671294,519,519,519,0,0,0
2671313,725,1,2670673,2670673,2671313,640,640,640,0,0,0
2671315,692,1,2670374,2670374,2671315,941,941,941,0,0,0
2671400,715,1,2670589,2670589,2671400,811,811,811,0,0,0
2671423,716,1,2670603,2670603,2671423,820,820,820,0,0,0
2671473,724,1,2670672,2670672,2671473,801,801,801,0,0,0
2671619,759,1,2670927,2670927,2671619,692,692,692,0,0,0
2671636,671,1,2670285,2670285,2671636,1351,1351,1045,306,1,0
2671648,749,1,2670859,2670859,2671648,789,789,789,0,0,0
2671650,756,1,2670907,2670907,2671650,743,743,743,0,0,0
2671671,757,1,2670910,2670910,2671671,761,761,761,0,0,0
2671697,755,1,2670904,2670904,2671697,793,793,793,0,0,0
2671755,736,1,2670738,2670738,2671755,1017,1017,1017,0,0,0
2671864,837,1,2671453,2671453,2671864,411,411,411,0,0,0
2671978,809,1,2671331,2671331,2671978,647,647,647,0,0,0
2671997,782,1,2671226,2671226,2671997,771,771,771,0,0,0
2672069,787,1,2671240,2671240,2672069,829,829,829,0,0,0
2672142,775,1,2671168,2671168,2672142,974,974,974,0,0,0
2672180,794,1,2671254,2671254,2672180,926,926,926,0,0,0
2672203,777,1,2671175,2671175,2672203,1028,1028,1028,0,0,0
2672232,812,1,2671341,2671341,2672232,891,891,891,0,0,0
2672241,816,1,2671348,2671348,2672241,893,893,893,0,0,0
2672255,660,1,2670227,2670227,2672255,2028,2028,1188,840,13,0
2672263,808,1,2671328,2671328,2672263,935,935,935,0,0,0
2672386,672,1,2670287,2670287,2672386,2099,2099,1229,870,10,0
2672476,826,1,2671384,2671384,2672476,1092,1092,1092,0,0,0
2672503,810,1,2671337,2671337,2672503,1166,1166,1166,0,0,0
2672633,669,1,2670282,2670282,2672633,2351,2351,1360,991,12,0
2672689,695,1,2670377,2670377,2672689,2312,2312,1300,1012,9,0
2672708,856,1,2671907,2671907,2672708,801,801,801,0,0,0
2672722,861,1,2671934,2671934,2672722,788,788,788,0,0,0
2672806,880,1,2672344,2672344,2672806,462,462,462,0,0,0
2672866,685,1,2670349,2670349,2672866,2517,2517,1424,1093,11,0
2672893,649,1,2670193,2670193,2672893,2700,2700,1431,1269,20,0
2673048,702,1,2670405,2670405,2673048,2643,2643,1572,1071,10,0
2673108,703,1,2670406,2670406,2673108,2702,2702,1632,1070,10,0
2673272,868,1,2672043,2672043,2673272,1229,1229,1229,0,0,0
2673477,875,1,2672212,2672212,2673477,1265,1265,1265,0,0,0
2673788,783,1,2671226,2671226,2673788,2562,2562,2094,468,3,0
2674131,860,1,2671931,2671931,2674131,2200,2200,2200,0,0,0
2674594,871,1,2672072,2672072,2674594,2522,2522,2522,0,0,0
2674709,878,1,2672325,2672325,2674709,2384,2384,2384,0,0,0
2674865,874,1,2672208,2672208,2674865,2657,2657,2657,0,0,0
2675130,771,1,2671026,2671026,2675130,4104,4104,2847,1257,9,0
2675221,676,1,2670301,2670301,2675221,4920,4920,2804,2116,19,0
2675987,650,1,2670193,2670193,2675987,5794,5794,3233,2561,23,0
2676022,781,1,2671205,2671205,2676022,4817,4817,3265,1552,7,0
2676202,885,1,2675803,2675803,2676202,399,399,399,0,0,0
2676254,665,1,2670265,2670265,2676254,5989,5989,3437,2552,26,0
2676330,887,1,2675807,2675807,2676330,523,523,523,0,0,0
2676461,766,1,2670986,2670986,2676461,5475,5475,3499,1976,28,0
2676610,894,1,2675823,2675823,2676610,787,787,787,0,0,0
2676610,912,1,2675895,2675895,2676610,715,715,715,0,0,0
2676649,916,1,2675921,2675921,2676649,728,728,728,0,0,0
2676649,927,1,2676203,2676203,2676649,446,446,446,0,0,0
2676713,928,1,2676256,2676256,2676713,457,457,457,0,0,0
2676746,761,1,2670933,2670933,2676746,5813,5813,3668,2145,14,0
2676791,909,1,2675877,2675877,2676791,914,914,914,0,0,0
2677126,774,1,2671076,2671076,2677126,6050,6050,3992,2058,11,0
2677996,891,1,2675815,2675815,2677996,2181,2181,2181,0,0,0
2678471,768,1,2670997,2670997,2678471,7474,7474,4168,3306,29,0
2678506,917,1,2675922,2675922,2678506,2584,2584,2584,0,0,0
2678531,746,1,2670789,2670789,2678531,7742,7742,4527,3215,18,0
2678835,893,1,2675823,2675823,2678835,3012,3012,3012,0,0,0
2678871,918,1,2675929,2675929,2678871,2942,2942,2942,0,0,0
2679270,788,1,2671241,2671241,2679270,8029,8029,4869,3160,15,0
2679476,905,1,2675865,2675865,2679476,3611,3611,3611,0,0,0
2679655,827,1,2671386,2671386,2679655,8269,8269,5097,3172,31,0
2681131,726,1,2670676,2670676,2681131,10455,10455,6497,3958,53,0
2681594,647,1,2670190,2670190,2681594,11404,11404,5652,5752,43,0
2681605,643,1,2670112,2670112,2681605,11493,11493,5603,5890,45,0
2682063,729,1,2670700,2670700,2682063,11363,11363,6049,5314,49,0
2682218,903,1,2675854,2675854,2682218,6364,6364,6364,0,0,0
2682281,850,1,2671853,2671853,2682281,10428,10428,6546,3882,12,0
2682520,920,1,2675939,2675939,2682520,6581,6581,6581,0,0,0
2682787,652,1,2670198,2670198,2682787,12589,12589,6974,5615,41,0
2683016,855,1,2671897,2671897,2683016,11119,11119,6745,4374,13,0
2683496,914,1,2675901,2675901,2683496,7595,7595,7150,445,4,0
2683665,911,1,2675887,2675887,2683665,7778,7778,7190,588,3,0
2683759,944,1,2682871,2682871,2683759,888,888,888,0,0,0
2683769,962,1,2683056,2683056,2683769,713,713,713,0,0,0
2683782,954,1,2682971,2682971,2683782,811,811,811,0,0,0
2683956,1006,1,2683473,2683473,2683956,483,483,483,0,0,0
2683967,950,1,2682931,2682931,2683967,1036,1036,1036,0,0,0
2683973,935,1,2682782,2682782,2683973,1191,1191,1049,142,1,0
2683977,1011,1,2683541,2683541,2683977,436,436,436,0,0,0
2684193,973,1,2683183,2683183,2684193,1010,1010,1010,0,0,0
2684304,1022,1,2683621,2683621,2684304,683,683,683,0,0,0
2684308,1048,1,2683726,2683726,2684308,582,582,582,0,0,0
2684327,1014,1,2683557,2683557,2684327,770,770,770,0,0,0
2684365,1026,1,2683628,2683628,2684365,737,737,737,0,0,0
2684418,1015,1,2683563,2683563,2684418,855,855,855,0,0,0
2684511,1037,1,2683696,2683696,2684511,815,815,815,0,0,0
2684541,1034,1,2683685,2683685,2684541,856,856,856,0,0,0
2684733,982,1,2683273,2683273,2684733,1460,1460,1039,421,6,0
2684742,1078,1,2684119,2684119,2684742,623,623,623,0,0,0
2684756,1053,1,2683744,2683744,2684756,1012,1012,1012,0,0,0
2684759,1097,1,2684196,2684196,2684759,563,563,563,0,0,0
2684845,1067,1,2684042,2684042,2684845,803,803,803,0,0,0
2684925,1098,1,2684196,2684196,2684925,729,729,729,0,0,0
2684930,1065,1,2683814,2683814,2684930,1116,1116,1116,0,0,0
2684988,1135,1,2684515,2684515,2684988,473,473,473,0,0,0
2685034,1102,1,2684209,2684209,2685034,825,825,825,0,0,0
2685048,1069,1,2684077,2684077,2685048,971,971,971,0,0,0
2685090,931,1,2682750,2682750,2685090,2340,2340,1237,1103,3,0
2685092,1129,1,2684352,2684352,2685092,740,740,740,0,0,0
2685128,1084,1,2684163,2684163,2685128,965,965,965,0,0,0
2685138,1068,1,2684045,2684045,2685138,1093,1093,1093,0,0,0
2685170,1124,1,2684316,2684316,2685170,854,854,854,0,0,0
2685174,1079,1,2684122,2684122,2685174,1052,1052,1052,0,0,0
2685239,951,1,2682968,2682968,2685239,2271,2271,1306,965,2,0
2685253,966,1,2683114,2683114,2685253,2139,2139,1258,881,11,0
2685303,1134,1,2684456,2684456,2685303,847,847,847,0,0,0
2685314,1039,1,2683703,2683703,2685314,1611,1611,1273,338,10,0
2685340,1081,1,2684142,2684142,2685340,1198,1198,1198,0,0,0
2685349,1156,1,2684899,2684899,2685349,450,450,450,0,0,0
2685356,1136,1,2684711,2684711,2685356,645,645,645,0,0,0
2685375,956,1,2683031,2683031,2685375,2344,2344,1326,1018,9,0
2685394,1091,1,2684177,2684177,2685394,1217,1217,1217,0,0,0
2685470,1152,1,2684888,2684888,2685470,582,582,582,0,0,0
2685472,959,1,2683041,2683041,2685472,2431,2431,1351,1080,13,0
2685549,1117,1,2684301,2684301,2685549,1248,1248,1248,0,0,0
2685638,1164,1,2684952,2684952,2685638,686,686,686,0,0,0
2685646,1044,1,2683716,2683716,2685646,1930,1930,1386,544,21,0
2685649,1145,1,2684851,2684851,2685649,798,798,798,0,0,0
2685658,1155,1,2684896,2684896,2685658,762,762,762,0,0,0
2685735,1147,1,2684862,2684862,2685735,873,873,873,0,0,0
2685749,943,1,2682867,2682867,2685749,2882,2882,1397,1485,19,0
2685772,1153,1,2684892,2684892,2685772,880,880,880,0,0,0
2685775,981,1,2683270,2683270,2685775,2505,2505,1402,1103,23,0
2686069,1143,1,2684845,2684845,2686069,1224,1224,1224,0,0,0
2686101,1176,1,2685444,2685444,2686101,657,657,657,0,0,0
2686198,1158,1,2684914,2684914,2686198,1284,1284,1284,0,0,0
2686320,1182,1,2685462,2685462,2686320,858,858,858,0,0,0
2686615,1246,1,2685882,2685882,2686615,733,733,733,0,0,0
2686626,1233,1,2685752,2685752,2686626,874,874,874,0,0,0
2686627,1224,1,2685678,2685678,2686627,949,949,949,0,0,0
2686747,996,1,2683359,2683359,2686747,3388,3388,1562,1826,17,0
2686824,1255,1,2685968,2685968,2686824,856,856,856,0,0,0
2686855,1215,1,2685615,2685615,2686855,1240,1240,1240,0,0,0
2686882,1214,1,2685615,2685615,2686882,1267,1267,1267,0,0,0
2686947,1282,1,2686252,2686252,2686947,695,695,695,0,0,0
2687015,977,1,2683200,2683200,2687015,3815,3815,1521,2294,28,0
2687135,1274,1,2686166,2686166,2687135,969,969,969,0,0,0
2687227,1276,1,2686224,2686224,2687227,1003,1003,1003,0,0,0
2687369,1216,1,2685619,2685619,2687369,1750,1750,1658,92,1,0
2688437,1308,1,2687939,2687939,2688437,498,498,498,0,0,0
2688472,1344,1,2688006,2688006,2688472,466,466,466,0,0,0
2688479,1331,1,2687981,2687981,2688479,498,498,498,0,0,0
2688676,1315,1,2687952,2687952,2688676,724,724,724,0,0,0
2688788,1301,1,2687928,2687928,2688788,860,860,860,0,0,0
2688817,1290,1,2687898,2687898,2688817,919,919,919,0,0,0
2688911,1316,1,2687955,2687955,2688911,956,956,956,0,0,0
2688928,1327,1,2687973,2687973,2688928,955,955,955,0,0,0
2688983,1299,1,2687924,2687924,2688983,1059,1059,1059,0,0,0
2688984,1311,1,2687945,2687945,2688984,1039,1039,1039,0,0,0
2689013,1298,1,2687921,2687921,2689013,1092,1092,1092,0,0,0
2689014,1319,1,2687960,2687960,2689014,1054,1054,1054,0,0,0
2689016,1317,1,2687956,2687956,2689016,1060,1060,1060,0,0,0
2689033,1357,1,2688280,2688280,2689033,753,753,753,0,0,0
2689068,1293,1,2687906,2687906,2689068,1162,1162,1162,0,0,0
2689070,1373,1,2688472,2688472,2689070,598,598,598,0,0,0
2689121,1322,1,2687965,2687965,2689121,1156,1156,1156,0,0,0
2689126,1361,1,2688393,2688393,2689126,733,733,733,0,0,0
2689315,1360,1,2688393,2688393,2689315,922,922,922,0,0,0
2689482,1367,1,2688426,2688426,2689482,1056,1056,1056,0,0,0
2689840,1364,1,2688411,2688411,2689840,1429,1429,1429,0,0,0
2690149,1010,1,2683521,2683521,2690149,6628,6628,2319,4309,40,0
2690185,999,1,2683366,2683366,2690185,6819,6819,2123,4696,26,0
2690305,1113,1,2684255,2684255,2690305,6050,6050,2243,3807,9,0
2690488,1149,1,2684871,2684871,2690488,5617,5617,2369,3248,13,0
2690866,1253,1,2685964,2685964,2690866,4902,4902,2652,2250,4,0
2691234,949,1,2682930,2682930,2691234,8304,8304,2688,5616,51,0
2691644,1237,1,2685834,2685834,2691644,5810,5810,2779,3031,2,0
2691698,1159,1,2684918,2684918,2691698,6780,6780,2702,4078,23,0
2691775,1294,1,2687908,2687908,2691775,3867,3867,2750,1117,2,0
2692770,1512,1,2692270,2692270,2692770,500,500,500,0,0,0
2693046,1460,1,2692143,2692143,2693046,903,903,614,289,3,0
2693069,1526,1,2692358,2692358,2693069,711,711,435,276,1,0
2693085,1575,1,2692482,2692482,2693085,603,603,603,0,0,0
2693092,1387,1,2692016,2692016,2693092,1076,1076,622,454,14,0
2693154,1559,1,2692451,2692451,2693154,703,703,680,23,1,0
2693182,1488,1,2692204,2692204,2693182,978,978,658,320,3,0
2693214,1438,1,2692106,2692106,2693214,1108,1108,690,418,11,0
2693225,1574,1,2692478,2692478,2693225,747,747,687,60,1,0
2693275,1514,1,2692291,2692291,2693275,984,984,708,276,1,0
2693335,1389,1,2692019,2692019,2693335,1316,1316,753,563,17,0
2693358,1445,1,2692121,2692121,2693358,1237,1237,775,462,10,0
2693363,1522,1,2692329,2692329,2693363,1034,1034,758,276,1,0
2693386,1523,1,2692329,2692329,2693386,1057,1057,781,276,1,0
2693392,1506,1,2692248,2692248,2693392,1144,1144,774,370,4,0
2693412,1419,1,2692087,2692087,2693412,1325,1325,811,514,10,0
2693430,1474,1,2692193,2692193,2693430,1237,1237,810,427,7,0
2693449,1581,1,2692498,2692498,2693449,951,951,828,123,5,0
2693479,1450,1,2692130,2692130,2693479,1349,1349,849,500,11,0
2693487,1424,1,2692091,2692091,2693487,1396,1396,850,546,12,0
2693500,1433,1,2692103,2692103,2693500,1397,1397,849,548,14,0
2693503,1583,1,2692502,2692502,2693503,1001,1001,859,142,6,0
2693553,1392,1,2692023,2692023,2693553,1530,1530,909,621,20,0
2693558,1417,1,2692084,2692084,2693558,1474,1474,868,606,15,0
2693574,1473,1,2692192,2692192,2693574,1382,1382,883,499,9,0
2693589,1580,1,2692498,2692498,2693589,1091,1091,922,169,5,0
2693606,1413,1,2692076,2692076,2693606,1530,1530,940,590,18,0
2693609,1418,1,2692084,2692084,2693609,1525,1525,919,606,15,0
2693623,1571,1,2692474,2692474,2693623,1149,1149,929,220,7,0
2693640,1432,1,2692099,2692099,2693640,1541,1541,957,584,16,0
2693652,1540,1,2692387,2692387,2693652,1265,1265,955,310,3,0
2693673,1539,1,2692386,2692386,2693673,1287,1287,977,310,3,0
2693694,1412,1,2692076,2692076,2693694,1618,1618,999,619,20,0
2693760,1402,1,2692032,2692032,2693760,1728,1728,1056,672,23,0
2693793,1420,1,2692088,2692088,2693793,1705,1705,1082,623,13,0
2693860,1577,1,2692491,2692491,2693860,1369,1369,1122,247,9,0
2693938,1491,1,2692208,2692208,2693938,1730,1730,1177,553,7,0
2693949,1464,1,2692151,2692151,2693949,1798,1798,1188,610,14,0
2693949,1503,1,2692228,2692228,2693949,1721,1721,1174,547,11,0
2693985,1563,1,2692462,2692462,2693985,1523,1523,1206,317,7,0
2693998,1475,1,2692193,2692193,2693998,1805,1805,1221,584,13,0
2694025,1396,1,2692027,2692027,2694025,1998,1998,1241,757,20,0
2694095,1490,1,2692208,2692208,2694095,1887,1887,1310,577,9,0
2694344,1462,1,2692143,2692143,2694344,2201,2201,1547,654,15,0
2694441,1578,1,2692492,2692492,2694441,1949,1949,1407,542,11,0
2694445,1554,1,2692445,2692445,2694445,2000,2000,1408,592,12,0
2694508,1501,1,2692222,2692222,2694508,2286,2286,1474,812,11,0
2694653,1477,1,2692196,2692196,2694653,2457,2457,1614,843,12,0
2694998,1465,1,2692151,2692151,2694998,2847,2847,2104,743,15,0
2695933,1481,1,2692199,2692199,2695933,3734,3734,2939,795,12,0
2696023,1304,1,2687932,2687932,2696023,8091,8091,2937,5154,7,0
2696184,1248,1,2685921,2685921,2696184,10263,10263,3011,7252,16,0
2696393,1096,1,2684193,2684193,2696393,12200,12200,3057,9143,38,0
2696600,1508,1,2692254,2692254,2696600,4346,4346,2794,1552,11,0
2697044,1089,1,2684174,2684174,2697044,12870,12870,3164,9706,38,0
2697259,1455,1,2692135,2692135,2697259,5124,5124,3149,1975,16,0
2697960,1451,1,2692131,2692131,2697960,5829,5829,3646,2183,22,0
2698655,1017,1,2683574,2683574,2698655,15081,15081,3947,11134,49,0
2698918,1163,1,2684942,2684942,2698918,13976,13976,3517,10459,37,0
2699039,1266,1,2686022,2686022,2699039,13017,13017,3373,9644,23,0
2699926,1283,1,2686284,2686284,2699926,13642,13642,4260,9382,25,0
2700128,1519,1,2692311,2692311,2700128,7817,7817,3847,3970,20,0
2700560,1468,1,2692155,2692155,2700560,8405,8405,4078,4327,22,0
2700747,1077,1,2684119,2684119,2700747,16628,16628,3904,12724,55,0
2700959,1099,1,2684199,2684199,2700959,16760,16760,4119,12641,18,0
2701035,1573,1,2692477,2692477,2701035,8558,8558,4021,4537,19,0
2701041,1588,1,2692535,2692535,2701041,8506,8506,4027,4479,16,0
2701083,1570,1,2692473,2692473,2701083,8610,8610,4069,4541,15,0
2701785,1040,1,2683705,2683705,2701785,18080,18080,4463,13617,50,0
2702433,1263,1,2686011,2686011,2702433,16422,16422,4547,11875,21,0
2702460,1469,1,2692189,2692189,2702460,10271,10271,4445,5826,23,0
2702788,1558,1,2692451,2692451,2702788,10337,10337,4764,5573,19,0
2702799,1181,1,2685459,2685459,2702799,17340,17340,4491,12849,40,0
2703541,1201,1,2685514,2685514,2703541,18027,18027,5222,12805,25,0
2703995,1213,1,2685589,2685589,2703995,18406,18406,5003,13403,23,0
2704021,1309,1,2687942,2687942,2704021,16079,16079,4573,11506,15,0
2704098,969,1,2683118,2683118,2704098,20980,20980,4843,16137,71,0
2704377,1284,1,2686288,2686288,2704377,18089,18089,4929,13160,27,0
2705066,965,1,2683059,2683059,2705066,22007,22007,5532,16475,71,0
2705639,1168,1,2685059,2685059,2705639,20580,20580,5518,15062,33,0
2706741,1544,1,2692424,2692424,2706741,14317,14317,6074,8243,20,0
2707496,1521,1,2692315,2692315,2707496,15181,15181,5980,9201,25,0
2708117,1356,1,2688278,2688278,2708117,19839,19839,6123,13716,11,0
2708607,1236,1,2685805,2685805,2708607,22802,22802,6108,16694,20,0
2709009,1422,1,2692089,2692089,2709009,16920,16920,6380,10540,28,0
2709477,1543,1,2692411,2692411,2709477,17066,17066,6542,10524,17,0
2709738,1272,1,2686079,2686079,2709738,23659,23659,6384,17275,18,0
2709784,961,1,2683052,2683052,2709784,26732,26732,6409,20323,60,0
2710122,1016,1,2683565,2683565,2710122,26557,26557,6531,20026,55,0
2710542,1414,1,2692076,2692076,2710542,18466,18466,6800,11666,37,0
2710577,989,1,2683293,2683293,2710577,27284,27284,6525,20759,61,0
2710697,1244,1,2685875,2685875,2710697,24822,24822,6570,18252,25,0
2712120,1391,1,2692020,2692020,2712120,20100,20100,6880,13220,37,0
2712405,1221,1,2685635,2685635,2712405,26770,26770,6861,19909,30,0
2712560,733,1,2670728,2670728,2712560,41832,41832,7121,34711,39,0
2712984,565,1,2661684,2661684,2712984,51300,51300,8350,42950,12,0
2713268,630,1,2662049,2662049,2713268,51219,51219,8627,42592,9,0
2713357,541,1,2661159,2661159,2713357,52198,52198,8720,43478,7,0
2713401,722,1,2670654,2670654,2713401,42747,42747,7244,35503,56,0
2713515,721,1,2670649,2670649,2713515,42866,42866,7358,35508,53,0
2714065,779,1,2671201,2671201,2714065,42864,42864,7908,34956,34,0
2714247,719,1,2670631,2670631,2714247,43616,43616,8090,35526,54,0
2715085,651,1,2670197,2670197,2715085,44888,44888,8928,35960,38,0
2715756,847,1,2671816,2671816,2715756,43940,43940,7871,36069,28,0
2716038,851,1,2671874,2671874,2716038,44164,44164,8153,36011,21,0
2716213,854,1,2671897,2671897,2716213,44316,44316,8328,35988,14,0
2716559,866,1,2672033,2672033,2716559,44526,44526,8674,35852,15,0
2716628,890,1,2675814,2675814,2716628,40814,40814,8743,32071,6,0
2716730,1138,1,2684758,2684758,2716730,31972,31972,7302,24670,44,0
2717443,1013,1,2683557,2683557,2717443,33886,33886,8887,24999,50,0
2718232,1114,1,2684296,2684296,2718232,33936,33936,8804,25132,58,0
2718292,1256,1,2685972,2685972,2718292,32320,32320,7260,25060,29,0
2718306,1261,1,2686003,2686003,2718306,32303,32303,7274,25029,33,0
2718356,1323,1,2687966,2687966,2718356,30390,30390,7324,23066,26,0
2718465,1259,1,2685997,2685997,2718465,32468,32468,7433,25035,30,0
2719255,1740,1,2718836,2718836,2719255,419,419,419,0,0,0
2719451,1764,1,2719011,2719011,2719451,440,440,440,0,0,0
2719473,1763,1,2719010,2719010,2719473,463,463,463,0,0,0
2719534,1654,1,2718582,2718582,2719534,952,952,524,428,4,0
2719557,1819,1,2719156,2719156,2719557,401,401,401,0,0,0
2719576,1710,1,2718745,2718745,2719576,831,831,505,326,2,0
2719628,1803,1,2719138,2719138,2719628,490,490,490,0,0,0
2719708,1649,1,2718574,2718574,2719708,1134,1134,607,527,3,0
2719722,1806,1,2719138,2719138,2719722,584,584,584,0,0,0
2719735,1613,1,2718473,2718473,2719735,1262,1262,585,677,16,0
2719800,1708,1,2718742,2718742,2719800,1058,1058,669,389,4,0
2719815,1696,1,2718719,2718719,2719815,1096,1096,651,445,2,0
2719915,1634,1,2718496,2718496,2719915,1419,1419,751,668,14,0
2719973,1802,1,2719131,2719131,2719973,842,842,727,115,1,0
2719985,1728,1,2718805,2718805,2719985,1180,1180,725,455,4,0
2720009,1822,1,2719160,2719160,2720009,849,849,749,100,1,0
2720034,1633,1,2718496,2718496,2720034,1538,1538,776,762,14,0
2720041,1721,1,2718772,2718772,2720041,1269,1269,771,498,5,0
2720048,1831,1,2719177,2719177,2720048,871,871,776,95,2,0
2720049,1667,1,2718633,2718633,2720049,1416,1416,779,637,7,0
2720054,1746,1,2718865,2718865,2720054,1189,1189,784,405,4,0
2720056,1793,1,2719114,2719114,2720056,942,942,783,159,2,0
2720098,1765,1,2719014,2719014,2720098,1084,1084,823,261,6,0
2720104,1818,1,2719155,2719155,2720104,949,949,824,125,2,0
2720117,1821,1,2719159,2719159,2720117,958,958,802,156,3,0
2720124,1767,1,2719017,2719017,2720124,1107,1107,810,297,3,0
2720186,1775,1,2719033,2719033,2720186,1153,1153,871,282,5,0
2720194,1745,1,2718853,2718853,2720194,1341,1341,879,462,5,0
2720196,1755,1,2718942,2718942,2720196,1254,1254,839,415,6,0
2720207,1676,1,2718677,2718677,2720207,1530,1530,849,681,11,0
2720250,1682,1,2718690,2718690,2720250,1560,1560,917,643,9,0
2720305,1820,1,2719158,2719158,2720305,1147,1147,950,197,5,0
2720314,1733,1,2718817,2718817,2720314,1497,1497,910,587,6,0
2720329,1727,1,2718798,2718798,2720329,1531,1531,957,574,9,0
2720334,1596,1,2718458,2718458,2720334,1876,1876,952,924,17,0
2720378,1828,1,2719172,2719172,2720378,1206,1206,995,211,5,0
2720387,1706,1,2718735,2718735,2720387,1652,1652,966,686,11,0
2720460,1666,1,2718633,2718633,2720460,1827,1827,1036,791,12,0
2720467,1758,1,2719004,2719004,2720467,1463,1463,1042,421,9,0
2720523,1597,1,2718458,2718458,2720523,2065,2065,1058,1007,20,0
2720526,1762,1,2719007,2719007,2720526,1519,1519,1061,458,10,0
2720531,1599,1,2718462,2718462,2720531,2069,2069,1059,1010,19,0
2720567,1648,1,2718571,2718571,2720567,1996,1996,1100,896,12,0
2720607,1635,1,2718497,2718497,2720607,2110,2110,1139,971,15,0
2720633,1829,1,2719172,2719172,2720633,1461,1461,1132,329,7,0
2720648,1687,1,2718699,2718699,2720648,1949,1949,1153,796,14,0
2720704,1711,1,2718746,2718746,2720704,1958,1958,1197,761,10,0
2720706,1604,1,2718466,2718466,2720706,2240,2240,1163,1077,21,0
2720742,1686,1,2718699,2718699,2720742,2043,2043,1194,849,14,0
2720819,1715,1,2718752,2718752,2720819,2067,2067,1268,799,14,0
2720822,1659,1,2718611,2718611,2720822,2211,2211,1236,975,16,0
2720908,1631,1,2718491,2718491,2720908,2417,2417,1322,1095,25,0
2720927,1830,1,2719176,2719176,2720927,1751,1751,1299,452,9,0
2721009,1637,1,2718514,2718514,2721009,2495,2495,1423,1072,16,0
2721009,1791,1,2719112,2719112,2721009,1897,1897,1377,520,8,0
2721156,1824,1,2719163,2719163,2721156,1993,1993,1524,469,9,0
2721168,1700,1,2718729,2718729,2721168,2439,2439,1521,918,13,0
2721267,1714,1,2718752,2718752,2721267,2515,2515,1615,900,15,0
2721816,1805,1,2719138,2719138,2721816,2678,2678,2097,581,12,0
2722589,1859,1,2722103,2722103,2722589,486,486,421,65,5,0
2722663,1917,1,2722175,2722175,2722663,488,488,488,0,0,0
2722697,1963,1,2722240,2722240,2722697,457,457,457,0,0,0
2722734,1981,1,2722325,2722325,2722734,409,409,409,0,0,0
2722822,1992,1,2722388,2722388,2722822,434,434,434,0,0,0
2722881,1880,1,2722129,2722129,2722881,752,752,557,195,2,0
2722911,1903,1,2722162,2722162,2722911,749,749,586,163,3,0
2722927,1869,1,2722118,2722118,2722927,809,809,606,203,3,0
2723050,1962,1,2722237,2722237,2723050,813,813,725,88,1,0
2723120,1878,1,2722128,2722128,2723120,992,992,797,195,2,0
2723158,1847,1,2722093,2722093,2723158,1065,1065,833,232,8,0
2723184,1862,1,2722114,2722114,2723184,1070,1070,761,309,6,0
2723220,1927,1,2722189,2722189,2723220,1031,1031,871,160,3,0
2723318,1854,1,2722100,2722100,2723318,1218,1218,972,246,6,0
2723318,1919,1,2722181,2722181,2723318,1137,1137,897,240,2,0
2723334,1846,1,2722092,2722092,2723334,1242,1242,973,269,8,0
2723337,1970,1,2722295,2722295,2723337,1042,1042,972,70,3,0
2723524,1925,1,2722185,2722185,2723524,1339,1339,1152,187,3,0
2723556,1883,1,2722132,2722132,2723556,1424,1424,1184,240,5,0
2723559,1937,1,2722199,2722199,2723559,1360,1360,1164,196,5,0
2723560,1969,1,2722291,2722291,2723560,1269,1269,1117,152,3,0
2723596,1865,1,2722114,2722114,2723596,1482,1482,1169,313,5,0
2723679,1939,1,2722200,2722200,2723679,1479,1479,1275,204,5,0
2723685,1909,1,2722167,2722167,2723685,1518,1518,1281,237,5,0
2725503,1894,1,2722155,2722155,2725503,3348,3348,3052,296,4,0
2725723,1761,1,2719007,2719007,2725723,6716,6716,2219,4497,22,0
2725824,1744,1,2718853,2718853,2725824,6971,6971,2321,4650,20,0
2726524,1642,1,2718545,2718545,2726524,7979,7979,3070,4909,27,0
2726698,1722,1,2718772,2718772,2726698,7926,7926,3195,4731,20,0
2727400,1695,1,2718719,2718719,2727400,8681,8681,3272,5409,25,0
2727584,1665,1,2718633,2718633,2727584,8951,8951,3407,5544,27,0
2727874,1804,1,2719138,2719138,2727874,8736,8736,3580,5156,25,0
2728420,1944,1,2722208,2722208,2728420,6212,6212,3946,2266,9,0
2728494,1979,1,2722325,2722325,2728494,6169,6169,3474,2695,9,0
2728707,1776,1,2719034,2719034,2728707,9673,9673,3793,5880,30,0
2728955,1743,1,2718850,2718850,2728955,10105,10105,3884,6221,24,0
2729228,1660,1,2718624,2718624,2729228,10604,10604,4158,6446,28,0
2729434,1678,1,2718683,2718683,2729434,10751,10751,4090,6661,29,0
2729810,1931,1,2722193,2722193,2729810,7617,7617,4322,3295,11,0
2729849,1756,1,2718997,2718997,2729849,10852,10852,4129,6723,21,0
2730180,1620,1,2718479,2718479,2730180,11701,11701,4463,7238,43,0
2730883,1669,1,2718643,2718643,2730883,12240,12240,4860,7380,30,0
2731077,1850,1,2722096,2722096,2731077,8981,8981,4673,4308,15,0
2731136,1643,1,2718545,2718545,2731136,12591,12591,4542,8049,35,0
2731585,1636,1,2718507,2718507,2731585,13078,13078,4991,8087,30,0
2731946,1742,1,2718842,2718842,2731946,13104,13104,5074,8030,24,0
2732378,1916,1,2722174,2722174,2732378,10204,10204,5457,4747,12,0
2732717,1844,1,2722089,2722089,2732717,10628,10628,5461,5167,22,0
2732718,1938,1,2722199,2722199,2732718,10519,10519,5458,5061,15,0
2733011,1848,1,2722093,2722093,2733011,10918,10918,5754,5164,20,0
2733643,1732,1,2718813,2718813,2733643,14830,14830,6138,8692,35,0
2733882,1661,1,2718624,2718624,2733882,15258,15258,5800,9458,32,0
2734209,1841,1,2722087,2722087,2734209,12122,12122,6081,6041,24,0
2734277,1719,1,2718770,2718770,2734277,15507,15507,6022,9485,31,0
2734562,1967,1,2722288,2722288,2734562,12274,12274,6389,5885,16,0
2735242,1874,1,2722124,2722124,2735242,13118,13118,6841,6277,20,0
2735478,1978,1,2722323,2722323,2735478,13155,13155,6625,6530,18,0
2735586,1668,1,2718643,2718643,2735586,16943,16943,6520,10423,34,0
2735920,1726,1,2718794,2718794,2735920,17126,17126,6985,10141,32,0
2736862,1363,1,2688408,2688408,2736862,48454,48454,7313,41141,15,0
2736929,1195,1,2685504,2685504,2736929,51425,51425,8149,43276,39,0
2737166,1314,1,2687950,2687950,2737166,49216,49216,7809,41407,24,0
2737181,1289,1,2687894,2687894,2737181,49287,49287,7918,41369,25,0
2737756,1329,1,2687977,2687977,2737756,49779,49779,8377,41402,26,0
2737887,1285,1,2686301,2686301,2737887,51586,51586,8666,42920,25,0
2737918,1398,1,2692028,2692028,2737918,45890,45890,7362,38528,43,0
2738022,1321,1,2687963,2687963,2738022,50059,50059,8655,41404,27,0
2738058,1497,1,2692218,2692218,2738058,45840,45840,7340,38500,30,0
2738130,1502,1,2692225,2692225,2738130,45905,45905,7308,38597,28,0
2738184,1541,1,2692388,2692388,2738184,45796,45796,7254,38542,18,0
2738345,1532,1,2692375,2692375,2738345,45970,45970,7415,38555,22,0
2738382,1368,1,2688433,2688433,2738382,49949,49949,8720,41229,16,0
2738449,1562,1,2692459,2692459,2738449,45990,45990,7519,38471,25,0
2738479,1499,1,2692221,2692221,2738479,46258,46258,7761,38497,29,0
2738543,1405,1,2692036,2692036,2738543,46507,46507,7987,38520,43,0
2738686,1593,1,2716761,2716761,2738686,21925,21925,7343,14582,15,0
2739824,1466,1,2692151,2692151,2739824,47673,47673,9268,38405,28,0
2739924,1760,1,2719004,2719004,2739924,20920,20920,7300,13620,32,0
2740046,1617,1,2718476,2718476,2740046,21570,21570,7422,14148,44,0
2740134,1688,1,2718699,2718699,2740134,21435,21435,7510,13925,38,0
2740213,1766,1,2719015,2719015,2740213,21198,21198,7589,13609,34,0
2740346,1718,1,2718767,2718767,2740346,21579,21579,7722,13857,31,0
2741110,1701,1,2718729,2718729,2741110,22381,22381,8486,13895,34,0
2741182,1759,1,2719004,2719004,2741182,22178,22178,8558,13620,32,0
2741200,1741,1,2718842,2718842,2741200,22358,22358,8576,13782,28,0
2741340,1800,1,2719130,2719130,2741340,22210,22210,8327,13883,33,0
2741965,1849,1,2722095,2722095,2741965,19870,19870,7825,12045,25,0
2742046,1832,1,2719179,2719179,2742046,22867,22867,7906,14961,28,0
2742098,1977,1,2722316,2722316,2742098,19782,19782,7333,12449,18,0
2742140,1976,1,2722310,2722310,2742140,19830,19830,7375,12455,19,0
2742235,1870,1,2722121,2722121,2742235,20114,20114,8095,12019,19,0
2742988,1835,1,2719186,2719186,2742988,23802,23802,8848,14954,29,0
2743146,1366,1,2688422,2688422,2743146,54724,54724,7378,47346,17,0
2743278,614,1,2661946,2661946,2743278,81332,81332,7505,73827,2,0
2743289,629,1,2662046,2662046,2743289,81243,81243,7515,73728,2,0
2743296,1997,1,2722419,2722419,2743296,20877,20877,7508,13369,17,0
2743318,587,1,2661740,2661740,2743318,81578,81578,7549,74029,4,0
2743577,1960,1,2722233,2722233,2743577,21344,21344,8812,12532,19,0
2744408,592,1,2661750,2661750,2744408,82658,82658,9550,73108,15,0
2744445,1716,1,2718766,2718766,2744445,25679,25679,8753,16926,34,0
2744818,1731,1,2718811,2718811,2744818,26007,26007,9089,16918,35,0
2744962,978,1,2683270,2683270,2744962,61692,61692,8887,52805,60,0
2745278,1354,1,2688091,2688091,2745278,57187,57187,9066,48121,24,0
2745538,1119,1,2684304,2684304,2745538,61234,61234,9064,52170,36,0
2746202,1843,1,2722089,2722089,2746202,24113,24113,9512,14601,28,0
2746974,819,1,2671352,2671352,2746974,75622,75622,9627,65995,32,0
2747205,1535,1,2692380,2692380,2747205,54825,54825,9125,45700,20,0
2747681,701,1,2670401,2670401,2747681,77280,77280,9404,67876,57,0
2747807,800,1,2671300,2671300,2747807,76507,76507,9185,67322,31,0
2747942,1029,1,2683648,2683648,2747942,64294,64294,9199,55095,72,0
2747942,1126,1,2684345,2684345,2747942,63597,63597,9199,54398,49,0
2748140,1307,1,2687938,2687938,2748140,60202,60202,9268,50934,26,0
2748158,482,1,2657623,2657623,2748158,90535,90535,9130,81405,24,0
2748200,483,1,2657642,2657642,2748200,90558,90558,9172,81386,19,0
2748367,680,1,2670322,2670322,2748367,78045,78045,9326,68719,57,0
2748763,493,1,2660591,2660591,2748763,88172,88172,9568,78604,20,0
2749011,1070,1,2684078,2684078,2749011,64933,64933,9447,55486,53,0
2749251,1699,1,2718729,2718729,2749251,30522,30522,9507,21015,39,0
2749408,1295,1,2687910,2687910,2749408,61498,61498,9458,52040,23,0
2749484,1993,1,2722388,2722388,2749484,27096,27096,9399,17697,19,0
2749718,1495,1,2692213,2692213,2749718,57505,57505,9643,47862,33,0
2750091,732,1,2670715,2670715,2750091,79376,79376,9777,69599,47,0
2750102,1118,1,2684304,2684304,2750102,65798,65798,9458,56340,26,0
2750355,1524,1,2692354,2692354,2750355,58001,58001,9695,48306,26,0
2750469,1082,1,2684143,2684143,2750469,66326,66326,9572,56754,64,0
2750677,1346,1,2688010,2688010,2750677,62667,62667,9714,52953,32,0
2750909,1421,1,2692088,2692088,2750909,58821,58821,10238,48583,34,0
2751258,734,1,2670732,2670732,2751258,80526,80526,10126,70400,43,0
2751431,740,1,2670773,2670773,2751431,80658,80658,10299,70359,51,0
2751826,1891,1,2722140,2722140,2751826,29686,29686,9907,19779,23,0
2751939,1873,1,2722122,2722122,2751939,29817,29817,10020,19797,23,0
2752124,1921,1,2722181,2722181,2752124,29943,29943,10205,19738,18,0
2752452,883,1,2675796,2675796,2752452,76656,76656,9987,66669,7,0
2752748,913,1,2675895,2675895,2752748,76853,76853,10283,66570,7,0
2753413,607,1,2661800,2661800,2753413,91613,91613,10232,81381,7,0
2753466,1028,1,2683637,2683637,2753466,69829,69829,9764,60065,55,0
2753676,995,1,2683358,2683358,2753676,70318,70318,9976,60342,42,0
2753978,974,1,2683185,2683185,2753978,70793,70793,10278,60515,67,0
2754264,1280,1,2686238,2686238,2754264,68026,68026,9920,58106,47,0
2754429,446,1,2657344,2657344,2754429,97085,97085,10085,87000,31,0
2754555,502,1,2660623,2660623,2754555,93932,93932,10141,83791,23,0
2754993,1239,1,2685841,2685841,2754993,69152,69152,10003,59149,36,0
2755050,523,1,2660798,2660798,2755050,94252,94252,10060,84192,22,0
2755255,1513,1,2692276,2692276,2755255,62979,62979,10266,52713,26,0
2755554,1111,1,2684249,2684249,2755554,71305,71305,9871,61434,32,0
2755568,1234,1,2685797,2685797,2755568,69771,69771,9887,59884,33,0
2755655,1093,1,2684181,2684181,2755655,71474,71474,9972,61502,60,0
2755759,1112,1,2684251,2684251,2755759,71508,71508,10076,61432,31,0
2756510,1128,1,2684349,2684349,2756510,72161,72161,10827,61334,53,0
2757095,1948,1,2722213,2722213,2757095,34882,34882,10205,24677,19,0
2757513,633,1,2662069,2662069,2757513,95444,95444,10658,84786,11,0
2757518,1463,1,2692143,2692143,2757518,65375,65375,10259,55116,32,0
2757830,550,1,2661658,2661658,2757830,96172,96172,10561,85611,16,0
2758113,1561,1,2692455,2692455,2758113,65658,65658,10546,55112,29,0
2758180,1050,1,2683737,2683737,2758180,74443,74443,10348,64095,84,0
2758274,1337,1,2687993,2687993,2758274,70281,70281,10382,59899,33,0
2758361,1019,1,2683583,2683583,2758361,74778,74778,10431,64347,57,0
2758452,510,1,2660659,2660659,2758452,97793,97793,10478,87315,24,0
2758519,1031,1,2683652,2683652,2758519,74867,74867,10497,64370,69,0
2758528,1729,1,2718808,2718808,2758528,39720,39720,10480,29240,45,0
2758607,1658,1,2718597,2718597,2758607,40010,40010,10538,29472,49,0
2758861,1679,1,2718683,2718683,2758861,40178,40178,10717,29461,44,0
2758979,1180,1,2685455,2685455,2758979,73524,73524,10663,62861,58,0
2759338,487,1,2657661,2657661,2759338,101677,101677,10909,90768,36,0
2760179,1482,1,2692199,2692199,2760179,67980,67980,11398,56582,39,0
2761244,1150,1,2684873,2684873,2761244,76371,76371,11641,64730,57,0
2761335,674,1,2670291,2670291,2761335,91044,91044,10722,80322,49,0
2761622,1698,1,2718719,2718719,2761622,42903,42903,10987,31916,42,0
2761636,1385,1,2692007,2692007,2761636,69629,69629,10735,58894,50,0
2761827,1951,1,2722215,2722215,2761827,39612,39612,10919,28693,21,0
2762093,896,1,2675834,2675834,2762093,86259,86259,11024,75235,12,0
2762106,1900,1,2722159,2722159,2762106,39947,39947,10803,29144,21,0
2762163,1116,1,2684301,2684301,2762163,77862,77862,10884,66978,29,0
2762803,1618,1,2718478,2718478,2762803,44325,44325,12038,32287,49,0
2763011,886,1,2675803,2675803,2763011,87208,87208,11615,75593,10,0
2763051,1623,1,2718483,2718483,2763051,44568,44568,11646,32922,50,0
2763186,988,1,2683290,2683290,2763186,79896,79896,11824,68072,80,0
2763219,1061,1,2683782,2683782,2763219,79437,79437,11721,67716,47,0
2763474,500,1,2660616,2660616,2763474,102858,102858,12036,90822,23,0
2763731,700,1,2670401,2670401,2763731,93330,93330,11149,82181,55,0
2763865,1109,1,2684245,2684245,2763865,79620,79620,11855,67765,63,0
2764245,1020,1,2683588,2683588,2764245,80657,80657,12227,68430,62,0
2764663,881,1,2672352,2672352,2764663,92311,92311,12361,79950,26,0
2764862,529,1,2660962,2660962,2764862,103900,103900,11525,92375,12,0
2765228,975,1,2683188,2683188,2765228,82040,82040,12324,69716,74,0
2765264,1594,1,2718449,2718449,2765264,46815,46815,11924,34891,54,0
2765570,496,1,2660603,2660603,2765570,104967,104967,12234,92733,27,0
2765581,1369,1,2688436,2688436,2765581,77145,77145,12084,65061,22,0
2765644,1685,1,2718699,2718699,2765644,46945,46945,11302,35643,42,0
2766101,709,1,2670510,2670510,2766101,95591,95591,12538,83053,56,0
2766500,1986,1,2722341,2722341,2766500,44159,44159,12486,31673,25,0
2767659,1401,1,2692031,2692031,2767659,75628,75628,12102,63526,47,0
2768033,753,1,2670899,2670899,2768033,97134,97134,12476,84658,45,0
2768446,1449,1,2692126,2692126,2768446,76320,76320,11730,64590,39,0
2768469,1185,1,2685468,2685468,2768469,83001,83001,11386,71615,48,0
2768647,1240,1,2685845,2685845,2768647,82802,82802,11567,71235,41,0
2768906,491,1,2660584,2660584,2768906,108322,108322,12492,95830,31,0
2769106,1407,1,2692071,2692071,2769106,77035,77035,12390,64645,44,0
2769342,1355,1,2688091,2688091,2769342,81251,81251,12261,68990,33,0
2769750,738,1,2670765,2670765,2769750,98985,98985,12662,86323,58,0
2770169,926,1,2676124,2676124,2770169,94045,94045,11443,82602,15,0
2770266,1183,1,2685465,2685465,2770266,84801,84801,11117,73684,66,0
2770350,1725,1,2718789,2718789,2770350,51561,51561,11098,40463,48,0
2771053,898,1,2675840,2675840,2771053,95213,95213,12735,82478,12,0
2771350,1121,1,2684308,2684308,2771350,87042,87042,12654,74388,54,0
2771430,1441,1,2692116,2692116,2771430,79314,79314,12470,66844,45,0
2771438,1677,1,2718681,2718681,2771438,52757,52757,12448,40309,54,0
2772038,1444,1,2692117,2692117,2772038,79921,79921,13070,66851,45,0
2772083,1565,1,2692466,2692466,2772083,79617,79617,12511,67106,33,0
2772604,752,1,2670896,2670896,2772604,101708,101708,13005,88703,49,0
2772882,531,1,2661046,2661046,2772882,111836,111836,12797,99039,26,0
2773572,1090,1,2684174,2684174,2773572,89398,89398,13205,76193,65,0
2773627,658,1,2670218,2670218,2773627,103409,103409,12585,90824,55,0
2773905,1348,1,2688015,2688015,2773905,85890,85890,12817,73073,35,0
2774061,1587,1,2692532,2692532,2774061,81529,81529,12281,69248,34,0
2774306,439,1,2657319,2657319,2774306,116987,116987,11525,105462,35,0
2774534,1187,1,2685484,2685484,2774534,89050,89050,11761,77289,62,0
2774635,822,1,2671365,2671365,2774635,103270,103270,12143,91127,46,0
2774886,1362,1,2688397,2688397,2774886,86489,86489,12113,74376,24,0
2775236,1735,1,2718825,2718825,2775236,56411,56411,12767,43644,39,0
2775523,454,1,2657392,2657392,2775523,118131,118131,12742,105389,31,0
2775613,1947,1,2722212,2722212,2775613,53401,53401,12720,40681,26,0
2775621,1926,1,2722189,2722189,2775621,53432,53432,12665,40767,29,0
2775919,859,1,2671931,2671931,2775919,103988,103988,12964,91024,34,0
2776150,897,1,2675834,2675834,2776150,100316,100316,12966,87350,14,0
2776488,1296,1,2687912,2687912,2776488,88576,88576,13095,75481,27,0
2776537,1454,1,2692134,2692134,2776537,84403,84403,12876,71527,43,0
2776925,604,1,2661790,2661790,2776925,115135,115135,13222,101913,25,0
2777202,1250,1,2685931,2685931,2777202,91271,91271,13115,78156,46,0
2777480,1770,1,2719018,2719018,2777480,58462,58462,13222,45240,46,0
2777993,1036,1,2683692,2683692,2777993,94301,94301,13481,80820,68,0
2778019,542,1,2661225,2661225,2778019,116794,116794,13031,103763,21,0
2778588,1382,1,2692001,2692001,2778588,86587,86587,13600,72987,49,0
2778769,1435,1,2692103,2692103,2778769,86666,86666,13251,73415,47,0
2779552,1249,1,2685927,2685927,2779552,93625,93625,13898,79727,49,0
2779602,1148,1,2684868,2684868,2779602,94734,94734,13175,81559,53,0
2779686,1330,1,2687979,2687979,2779686,91707,91707,13289,78418,35,0
2779756,579,1,2661712,2661712,2779756,118044,118044,13291,104753,26,0
2779823,730,1,2670708,2670708,2779823,109115,109115,13313,95802,66,0
2780055,1476,1,2692193,2692193,2780055,87862,87862,13510,74352,42,0
2780148,938,1,2682789,2682789,2780148,97359,97359,13386,83973,80,0
2780455,1277,1,2686225,2686225,2780455,94230,94230,13600,80630,52,0
2780604,739,1,2670765,2670765,2780604,109839,109839,13462,96377,61,0
2780843,681,1,2670323,2670323,2780843,110520,110520,13592,96928,67,0
2781236,797,1,2671293,2671293,2781236,109943,109943,13873,96070,33,0
2781652,1771,1,2719023,2719023,2781652,62629,62629,13854,48775,48,0
2781685,653,1,2670200,2670200,2781685,111485,111485,13527,97958,58,0
2781745,1472,1,2692189,2692189,2781745,89556,89556,13570,75986,44,0
2781833,526,1,2660873,2660873,2781833,120960,120960,13620,107340,36,0
2781881,509,1,2660655,2660655,2781881,121226,121226,13653,107573,26,0
2782187,598,1,2661772,2661772,2782187,120415,120415,13905,106510,13,0
2782301,1087,1,2684170,2684170,2782301,98131,98131,13710,84421,75,0
2782365,1942,1,2722204,2722204,2782365,60161,60161,13663,46498,32,0
2782692,1225,1,2685681,2685681,2782692,97011,97011,13965,83046,33,0
2783011,1655,1,2718597,2718597,2783011,64414,64414,13978,50436,57,0
2783180,1220,1,2685635,2685635,2783180,97545,97545,13879,83666,50,0
2783821,539,1,2661128,2661128,2783821,122693,122693,14493,108200,21,0
2784013,957,1,2683034,2683034,2784013,100979,100979,14096,86883,79,0
2784280,735,1,2670735,2670735,2784280,113545,113545,14122,99423,49,0
2784442,1787,1,2719104,2719104,2784442,65338,65338,14017,51321,48,0
2784479,1166,1,2684962,2684962,2784479,99517,99517,13918,85599,66,0
2784506,1757,1,2719004,2719004,2784506,65502,65502,13958,51544,47,0
2784528,1922,1,2722185,2722185,2784528,62343,62343,13914,48429,31,0
2785173,1132,1,2684432,2684432,2785173,100741,100741,14610,86131,56,0
2785625,1790,1,2719111,2719111,2785625,66514,66514,14404,52110,40,0
2785645,1534,1,2692379,2692379,2785645,93266,93266,14020,79246,36,0
2785842,1690,1,2718710,2718710,2785842,67132,67132,14197,52935,48,0
2786280,1779,1,2719074,2719074,2786280,67206,67206,14462,52744,44,0
2786794,1416,1,2692084,2692084,2786794,94710,94710,14605,80105,47,0
2787703,1627,1,2718486,2718486,2787703,69217,69217,15074,54143,57,0
2788289,1747,1,2718873,2718873,2788289,69416,69416,14782,54634,47,0
2788787,936,1,2682786,2682786,2788787,106001,106001,14918,91083,75,0
2788811,1966,1,2722284,2722284,2788811,66527,66527,14481,52046,34,0
2788880,1041,1,2683707,2683707,2788880,105173,105173,14543,90630,72,0
2791059,567,1,2661688,2661688,2791059,129371,129371,16754,112617,25,0
2791199,1188,1,2685484,2685484,2791199,105715,105715,14679,91036,67,0
2791360,605,1,2661790,2661790,2791360,129570,129570,14763,114807,19,0
2791408,1072,1,2684082,2684082,2791408,107326,107326,14658,92668,61,0
2791850,1404,1,2692034,2692034,2791850,99816,99816,15095,84721,55,0
2792593,852,1,2671874,2671874,2792593,120719,120719,15444,105275,36,0
2792628,1546,1,2692424,2692424,2792628,100204,100204,14820,85384,42,0
2792709,1059,1,2683774,2683774,2792709,108935,108935,14887,94048,76,0
2793204,1871,1,2722121,2722121,2793204,71083,71083,15288,55795,31,0
2793235,960,1,2683052,2683052,2793235,110183,110183,14918,95265,78,0
2794431,1985,1,2722333,2722333,2794431,72098,72098,15943,56155,27,0
2794500,1428,1,2692094,2692094,2794500,102406,102406,15069,87337,45,0
2794848,1797,1,2719121,2719121,2794848,75727,75727,15319,60408,40,0
2796305,737,1,2670761,2670761,2796305,125544,125544,16488,109056,62,0
2796450,1205,1,2685522,2685522,2796450,110928,110928,15238,95690,53,0
2796686,845,1,2671638,2671638,2796686,125048,125048,15453,109595,42,0
2796910,790,1,2671244,2671244,2796910,125666,125666,15681,109985,46,0
2797626,899,1,2675840,2675840,2797626,121786,121786,16172,105614,20,0
2798846,1530,1,2692368,2692368,2798846,106478,106478,16543,89935,42,0
2798848,466,1,2657497,2657497,2798848,141351,141351,15481,125870,42,0
2798966,1161,1,2684935,2684935,2798966,114031,114031,15601,98430,73,0
2798981,1914,1,2722173,2722173,2798981,76808,76808,15962,60846,28,0
2799147,1173,1,2685425,2685425,2799147,113722,113722,15653,98069,53,0
2799181,1001,1,2683369,2683369,2799181,115812,115812,16352,99460,67,0
2799648,1929,1,2722190,2722190,2799648,77458,77458,16629,60829,34,0
2799753,895,1,2675828,2675828,2799753,123925,123925,16492,107433,23,0
2799786,474,1,2657574,2657574,2799786,142212,142212,16596,125616,33,0
2799871,1799,1,2719130,2719130,2799871,80741,80741,16716,64025,48,0
2800443,831,1,2671438,2671438,2800443,129005,129005,16160,112845,43,0
2801201,1101,1,2684203,2684203,2801201,116998,116998,17404,99594,49,0
2801471,1875,1,2722125,2722125,2801471,79346,79346,16540,62806,37,0
2801924,1341,1,2688000,2688000,2801924,113924,113924,17103,96821,52,0
2802151,921,1,2675940,2675940,2802151,126211,126211,16309,109902,27,0
2802159,970,1,2683121,2683121,2802159,119038,119038,16349,102689,76,0
2802729,1537,1,2692382,2692382,2802729,110347,110347,16906,93441,38,0
2803235,1639,1,2718534,2718534,2803235,84701,84701,16597,68104,66,0
2803301,884,1,2675799,2675799,2803301,127502,127502,16918,110584,23,0
2803378,570,1,2661692,2661692,2803378,141686,141686,16891,124795,30,0
2803415,1855,1,2722100,2722100,2803415,81315,81315,16770,64545,37,0
2803613,1453,1,2692131,2692131,2803613,111482,111482,15853,95629,52,0
2803704,780,1,2671204,2671204,2803704,132500,132500,17025,115475,41,0
2804120,623,1,2661996,2661996,2804120,142124,142124,17440,124684,19,0
2804326,1046,1,2683720,2683720,2804326,120606,120606,17141,103465,81,0
2804886,1457,1,2692140,2692140,2804886,112746,112746,17126,95620,51,0
2805294,1589,1,2692542,2692542,2805294,112752,112752,17321,95431,42,0
2805324,1409,1,2692071,2692071,2805324,113253,113253,15724,97529,60,0
2806708,1211,1,2685585,2685585,2806708,121123,121123,17113,104010,43,0
2806824,1520,1,2692315,2692315,2806824,114509,114509,17303,97206,46,0
2807044,1933,1,2722195,2722195,2807044,84849,84849,17421,67428,35,0
2807225,1018,1,2683575,2683575,2807225,123650,123650,17290,106360,69,0
2807504,1007,1,2683514,2683514,2807504,123990,123990,17589,106401,86,0
2807918,1189,1,2685492,2685492,2807918,122426,122426,17817,104609,70,0
2807961,815,1,2671346,2671346,2807961,136615,136615,17471,119144,34,0
2808911,1600,1,2718462,2718462,2808911,90449,90449,18380,72069,62,0
2809758,679,1,2670319,2670319,2809758,139439,139439,18203,121236,74,0
2810377,1313,1,2687949,2687949,2810377,122428,122428,18093,104335,44,0
2810665,1210,1,2685583,2685583,2810665,125082,125082,17815,107267,39,0
2810665,1586,1,2692528,2692528,2810665,118137,118137,17802,100335,47,0
2810889,1582,1,2692499,2692499,2810889,118390,118390,17747,100643,49,0
2811024,801,1,2671317,2671317,2811024,139707,139707,17719,121988,57,0
2811113,723,1,2670661,2670661,2811113,140452,140452,17804,122648,77,0
2811292,1105,1,2684238,2684238,2811292,127054,127054,17951,109103,50,0
2811487,562,1,2661679,2661679,2811487,149808,149808,17986,131822,25,0
2811714,879,1,2672333,2672333,2811714,139381,139381,18035,121346,42,0
2811902,1212,1,2685587,2685587,2811902,126315,126315,18134,108181,46,0
2812251,1749,1,2718880,2718880,2812251,93371,93371,18288,75083,53,0
2812732,1265,1,2686020,2686020,2812732,126712,126712,18613,108099,59,0
2813318,1297,1,2687913,2687913,2813318,125405,125405,18895,106510,40,0
2813596,1380,1,2691994,2691994,2813596,121602,121602,18561,103041,62,0
2813715,1328,1,2687975,2687975,2813715,125740,125740,18114,107626,49,0
2813793,517,1,2660739,2660739,2813793,153054,153054,18207,134847,42,0
2813794,1994,1,2722391,2722391,2813794,91403,91403,18420,72983,42,0
2814114,834,1,2671449,2671449,2814114,142665,142665,18407,124258,60,0
2814154,1086,1,2684167,2684167,2814154,129987,129987,18150,111837,55,0
2814675,1342,1,2688003,2688003,2814675,126672,126672,18657,108015,46,0
2814870,1953,1,2722218,2722218,2814870,92652,92652,18303,74349,40,0
2814914,463,1,2657471,2657471,2814914,157443,157443,18238,139205,55,0
2815251,1834,1,2719186,2719186,2815251,96065,96065,18676,77389,51,0
2815493,712,1,2670578,2670578,2815493,144915,144915,18650,126265,55,0
2815533,1663,1,2718625,2718625,2815533,96908,96908,18433,78475,62,0
2815580,1611,1,2718472,2718472,2815580,97108,97108,18466,78642,63,0
2815733,1610,1,2718471,2718471,2815733,97262,97262,18619,78643,65,0
2815822,796,1,2671293,2671293,2815822,144529,144529,18619,125910,43,0
2815917,1703,1,2718734,2718734,2815917,97183,97183,18667,78516,60,0
2816066,1057,1,2683770,2683770,2816066,132296,132296,19533,112763,87,0
2816879,835,1,2671449,2671449,2816879,145430,145430,19461,125969,61,0
2816955,940,1,2682843,2682843,2816955,134112,134112,18759,115353,95,0
2817011,540,1,2661154,2661154,2817011,155857,155857,19578,136279,31,0
2817661,1320,1,2687962,2687962,2817661,129699,129699,19307,110392,47,0
2818159,925,1,2676080,2676080,2818159,142079,142079,19949,122130,29,0
2818342,1461,1,2692143,2692143,2818342,126199,126199,19349,106850,56,0
2818346,1691,1,2718710,2718710,2818346,99636,99636,18849,80787,66,0
2818355,1751,1,2718929,2718929,2818355,99426,99426,18857,80569,58,0
2818723,1531,1,2692370,2692370,2818723,126353,126353,19217,107136,52,0
2818900,1852,1,2722096,2722096,2818900,96804,96804,18853,77951,45,0
2819025,1842,1,2722088,2722088,2819025,96937,96937,18978,77959,49,0
2819677,1934,1,2722196,2722196,2819677,97481,97481,19327,78154,44,0
2819917,763,1,2670940,2670940,2819917,148977,148977,18870,130107,62,0
2820421,786,1,2671237,2671237,2820421,149184,149184,19374,129810,45,0
2820671,858,1,2671923,2671923,2820671,148748,148748,19615,129133,49,0
2820814,1269,1,2686066,2686066,2820814,134748,134748,18767,115981,54,0
2820828,1223,1,2685678,2685678,2820828,135150,135150,18772,116378,48,0
2820937,1167,1,2685051,2685051,2820937,135886,135886,18887,116999,69,0
2820937,1550,1,2692435,2692435,2820937,128502,128502,18895,109607,54,0
2821165,1566,1,2692467,2692467,2821165,128698,128698,19116,109582,49,0
2821256,1199,1,2685510,2685510,2821256,135746,135746,19207,116539,65,0
2821585,640,1,2669790,2669790,2821585,151795,151795,19345,132450,66,0
2822288,1423,1,2692091,2692091,2822288,130197,130197,20226,109971,55,0
2822540,581,1,2661718,2661718,2822540,160822,160822,19833,140989,29,0
2822901,1120,1,2684308,2684308,2822901,138593,138593,20029,118564,68,0
2823142,1675,1,2718671,2718671,2823142,104471,104471,19910,84561,72,0
2823210,793,1,2671250,2671250,2823210,151960,151960,19681,132279,46,0
2823341,838,1,2671456,2671456,2823341,151885,151885,19810,132075,58,0
2823756,535,1,2661092,2661092,2823756,162664,162664,20247,142417,44,0
2824027,1231,1,2685745,2685745,2824027,138282,138282,20063,118219,75,0
2824059,1122,1,2684312,2684312,2824059,139747,139747,20059,119688,51,0
2824541,557,1,2661671,2661671,2824541,162870,162870,20372,142498,32,0
2824612,1206,1,2685576,2685576,2824612,139036,139036,20140,118896,52,0
2825241,1411,1,2692076,2692076,2825241,133165,133165,20571,112594,65,0
2825389,489,1,2657676,2657676,2825389,167713,167713,20128,147585,46,0
2825642,499,1,2660613,2660613,2825642,165029,165029,20386,144643,49,0
2825727,1811,1,2719148,2719148,2825727,106579,106579,20231,86348,56,0
2825891,805,1,2671324,2671324,2825891,154567,154567,20724,133843,48,0
2825923,1782,1,2719081,2719081,2825923,106842,106842,20741,86101,56,0
2826433,919,1,2675933,2675933,2826433,150500,150500,21092,129408,34,0
2826495,1674,1,2718664,2718664,2826495,107831,107831,21307,86524,69,0
2826545,825,1,2671383,2671383,2826545,155162,155162,21221,133941,54,0
2826607,1801,1,2719130,2719130,2826607,107477,107477,21421,86056,60,0
2827494,941,1,2682843,2682843,2827494,144651,144651,21619,123032,99,0
2827687,595,1,2661757,2661757,2827687,165930,165930,20424,145506,42,0
2827927,1326,1,2687972,2687972,2827927,139955,139955,20475,119480,54,0
2827942,1896,1,2722155,2722155,2827942,105787,105787,21001,84786,45,0
2828091,1024,1,2683624,2683624,2828091,144467,144467,21162,123305,106,0
2828231,1175,1,2685430,2685430,2828231,142801,142801,20784,122017,53,0
2828458,1920,1,2722181,2722181,2828458,106277,106277,21555,84722,38,0
2828493,1403,1,2692034,2692034,2828493,136459,136459,21567,114892,66,0
2828640,1052,1,2683743,2683743,2828640,144897,144897,21726,123171,83,0
2828849,1140,1,2684769,2684769,2828849,144080,144080,21400,122680,64,0
2828991,1486,1,2692203,2692203,2828991,136788,136788,20384,116404,53,0
2829063,1108,1,2684243,2684243,2829063,144820,144820,21613,123207,82,0
2829285,1107,1,2684242,2684242,2829285,145043,145043,21835,123208,55,0
2829971,1629,1,2718489,2718489,2829971,111482,111482,21170,90312,69,0
2830443,1542,1,2692407,2692407,2830443,138036,138036,20783,117253,46,0
2831039,848,1,2671849,2671849,2831039,159190,159190,22100,137090,41,0
2831246,442,1,2657329,2657329,2831246,173917,173917,20668,153249,40,0
2831827,1777,1,2719035,2719035,2831827,112792,112792,22168,90624,54,0
2831916,478,1,2657606,2657606,2831916,174310,174310,21336,152974,39,0
2831983,718,1,2670626,2670626,2831983,161357,161357,21362,139995,85,0
2832187,537,1,2661117,2661117,2832187,171070,171070,21607,149463,32,0
2832545,1353,1,2688088,2688088,2832545,144457,144457,21964,122493,56,0
2833057,1868,1,2722118,2722118,2833057,110939,110939,21676,89263,47,0
2833150,1866,1,2722117,2722117,2833150,111033,111033,21769,89264,47,0
2833536,1957,1,2722223,2722223,2833536,111313,111313,20695,90618,44,0
2833612,1965,1,2722277,2722277,2833612,111335,111335,20771,90564,45,0
2834068,1720,1,2718772,2718772,2834068,115296,115296,21196,94100,60,0
2835153,599,1,2661772,2661772,2835153,173381,173381,22368,151013,28,0
2836110,1889,1,2722137,2722137,2836110,113973,113973,22991,90982,47,0
2837065,1131,1,2684390,2684390,2837065,152675,152675,22326,130349,68,0
2837237,1458,1,2692140,2692140,2837237,145097,145097,21516,123581,63,0
2837252,870,1,2672071,2672071,2837252,165181,165181,22185,142996,56,0
2837351,1494,1,2692211,2692211,2837351,145140,145140,21644,123496,50,0
2837991,1737,1,2718835,2718835,2837991,119156,119156,22920,96236,60,0
2838033,516,1,2660681,2660681,2838033,177352,177352,22351,155001,46,0
2838439,600,1,2661778,2661778,2838439,176661,176661,22708,153953,28,0
2838840,1347,1,2688011,2688011,2838840,150829,150829,22695,128134,61,0
2839002,1092,1,2684178,2684178,2839002,154824,154824,22542,132282,84,0
2839766,1603,1,2718465,2718465,2839766,121301,121301,23241,98060,70,0
2839853,661,1,2670231,2670231,2839853,169622,169622,22605,147017,79,0
2840267,983,1,2683275,2683275,2840267,156992,156992,22956,134036,97,0
2840282,1425,1,2692091,2692091,2840282,148191,148191,22551,125640,61,0
2840515,644,1,2670117,2670117,2840515,170398,170398,22867,147531,69,0
2840609,1538,1,2692383,2692383,2840609,148226,148226,22795,125431,48,0
2840694,1137,1,2684715,2684715,2840694,155979,155979,22812,133167,75,0
2841407,1003,1,2683447,2683447,2841407,157960,157960,23527,134433,112,0
2841473,1262,1,2686009,2686009,2841473,155464,155464,22865,132599,77,0
2841656,1273,1,2686154,2686154,2841656,155502,155502,23055,132447,57,0
2842231,1103,1,2684235,2684235,2842231,157996,157996,23510,134486,89,0
2843348,1146,1,2684857,2684857,2843348,158491,158491,23880,134611,71,0
2843497,506,1,2660645,2660645,2843497,182852,182852,23174,159678,51,0
2843878,1906,1,2722166,2722166,2843878,121712,121712,23353,98359,43,0
2844161,1673,1,2718664,2718664,2844161,125497,125497,23515,101982,69,0
2844235,1786,1,2719104,2719104,2844235,125131,125131,23307,101824,65,0
2844325,1950,1,2722215,2722215,2844325,122110,122110,23501,98609,48,0
2844479,698,1,2670384,2670384,2844479,174095,174095,23680,150415,72,0
2844604,675,1,2670301,2670301,2844604,174303,174303,23814,150489,78,0
2844638,1218,1,2685627,2685627,2844638,159011,159011,23546,135465,76,0
2844860,922,1,2675946,2675946,2844860,168914,168914,23915,144999,37,0
2845052,807,1,2671327,2671327,2845052,173725,173725,23968,149757,62,0
2845171,1190,1,2685494,2685494,2845171,159677,159677,23665,136012,83,0
2845263,1998,1,2722420,2722420,2845263,122843,122843,23915,98928,52,0
2845484,1208,1,2685580,2685580,2845484,159904,159904,23978,135926,48,0
2845530,830,1,2671432,2671432,2845530,174098,174098,23462,150636,59,0
2845705,814,1,2671344,2671344,2845705,174361,174361,23713,150648,79,0
2845807,1406,1,2692038,2692038,2845807,153769,153769,23802,129967,78,0
2845935,1395,1,2692026,2692026,2845935,153909,153909,23915,129994,69,0
2846224,475,1,2657581,2657581,2846224,188643,188643,24039,164604,65,0
2846379,1612,1,2718473,2718473,2846379,127906,127906,23751,104155,82,0
2846532,1912,1,2722170,2722170,2846532,124362,124362,24152,100210,40,0
2846717,1196,1,2685505,2685505,2846717,161212,161212,24164,137048,70,0
2847576,1349,1,2688019,2688019,2847576,159557,159557,24835,134722,58,0
2847890,933,1,2682762,2682762,2847890,165128,165128,24522,140606,92,0
2847989,1943,1,2722208,2722208,2847989,125781,125781,24131,101650,53,0
2848057,720,1,2670634,2670634,2848057,177423,177423,24223,153200,87,0
2848346,902,1,2675851,2675851,2848346,172495,172495,24428,148067,40,0
2848350,1990,1,2722367,2722367,2848350,125983,125983,24139,101844,46,0
2848681,1940,1,2722202,2722202,2848681,126479,126479,24470,102009,56,0
2849010,438,1,2657316,2657316,2849010,191694,191694,24369,167325,40,0
2849046,1264,1,2686012,2686012,2849046,163034,163034,24082,138952,56,0
2849126,832,1,2671443,2671443,2849126,177683,177683,24177,153506,67,0
2850151,924,1,2676045,2676045,2850151,174106,174106,25175,148931,40,0
2850403,1614,1,2718475,2718475,2850403,131928,131928,24676,107252,82,0
2850979,578,1,2661711,2661711,2850979,189268,189268,24954,164314,44,0
2850998,798,1,2671296,2671296,2850998,179702,179702,24689,155013,68,0
2851214,992,1,2683352,2683352,2851214,167862,167862,24688,143174,97,0
2851732,1833,1,2719179,2719179,2851732,132553,132553,24984,107569,62,0
2851750,1515,1,2692295,2692295,2851750,159455,159455,24835,134620,67,0
2851787,849,1,2671849,2671849,2851787,179938,179938,24937,155001,55,0
2852157,571,1,2661698,2661698,2852157,190459,190459,25112,165347,39,0
2852488,990,1,2683293,2683293,2852488,169195,169195,25074,144121,96,0
2852584,1247,1,2685906,2685906,2852584,166678,166678,24631,142047,61,0
2852727,932,1,2682762,2682762,2852727,169965,169965,24761,145204,91,0
2852744,1275,1,2686171,2686171,2852744,166573,166573,24792,141781,56,0
2853221,1035,1,2683689,2683689,2853221,169532,169532,25254,144278,86,0
2853450,574,1,2661702,2661702,2853450,191748,191748,26007,165741,41,0
2853498,1853,1,2722099,2722099,2853498,131399,131399,25345,106054,50,0
2854497,1959,1,2722233,2722233,2854497,132264,132264,26078,106186,56,0
2854656,548,1,2661654,2661654,2854656,193002,193002,27213,165789,51,0
2855001,437,1,2657313,2657313,2855001,197688,197688,26667,171021,60,0
2855196,1365,1,2688422,2688422,2855196,166774,166774,27247,139527,51,0
2856414,699,1,2670385,2670385,2856414,186029,186029,28442,157587,93,0
2857718,593,1,2661752,2661752,2857718,195966,195966,30254,165712,48,0
2858065,1662,1,2718624,2718624,2858065,139441,139441,25537,113904,76,0
2858114,1709,1,2718745,2718745,2858114,139369,139369,25575,113794,62,0
2858287,1739,1,2718836,2718836,2858287,139451,139451,25747,113704,60,0
2858380,1446,1,2692121,2692121,2858380,166259,166259,25848,140411,70,0
2858421,1333,1,2687984,2687984,2858421,170437,170437,25896,144541,55,0
2859850,1707,1,2718741,2718741,2859850,141109,141109,27311,113798,67,0
2859976,1110,1,2684248,2684248,2859976,175728,175728,26876,148852,63,0
2860219,1197,1,2685507,2685507,2860219,174712,174712,27695,147017,86,0
2860358,1877,1,2722126,2722126,2860358,138232,138232,27833,110399,53,0
2860697,1434,1,2692103,2692103,2860697,168594,168594,28165,140429,72,0
2861126,1815,1,2719152,2719152,2861126,141974,141974,27689,114285,65,0
2861519,1106,1,2684239,2684239,2861519,177280,177280,28419,148861,89,0
2862149,1500,1,2692222,2692222,2862149,169927,169927,29623,140304,59,0
2862547,863,1,2671976,2671976,2862547,190571,190571,25430,165141,57,0
2862673,1100,1,2684200,2684200,2862673,178473,178473,25379,153094,92,0
2863010,514,1,2660673,2660673,2863010,202337,202337,26131,176206,53,0
2863254,659,1,2670227,2670227,2863254,193027,193027,25948,167079,84,0
2863324,1579,1,2692495,2692495,2863324,170829,170829,25922,144907,64,0
2863415,846,1,2671809,2671809,2863415,191606,191606,28268,163338,48,0
2863595,1736,1,2718828,2718828,2863595,144767,144767,26165,118602,64,0
2863922,455,1,2657399,2657399,2863922,206523,206523,26584,179939,65,0
2864077,624,1,2661999,2661999,2864077,202078,202078,26744,175334,41,0
2864373,1899,1,2722159,2722159,2864373,142214,142214,26959,115255,56,0
2865543,1902,1,2722162,2722162,2865543,143381,143381,28129,115252,53,0
2866164,453,1,2657387,2657387,2866164,208777,208777,28825,179952,57,0
2867062,456,1,2657407,2657407,2867062,209655,209655,29737,179918,56,0
2867114,648,1,2670190,2670190,2867114,196924,196924,25421,171503,90,0
2867756,872,1,2672202,2672202,2867756,195554,195554,26089,169465,64,0
2867889,1032,1,2683659,2683659,2867889,184230,184230,26211,158019,105,0
2868103,910,1,2675886,2675886,2868103,192217,192217,26432,165785,44,0
2868148,1217,1,2685620,2685620,2868148,182528,182528,25819,156709,71,0
2868359,1023,1,2683621,2683621,2868359,184738,184738,26687,158051,107,0
2868500,1083,1,2684163,2684163,2868500,184337,184337,26806,157531,93,0
2868799,1292,1,2687904,2687904,2868799,180895,180895,25835,155060,61,0
2868931,1095,1,2684191,2684191,2868931,184740,184740,27196,157544,80,0
2869211,1548,1,2692428,2692428,2869211,176783,176783,28414,148369,64,0
2869998,434,1,2657299,2657299,2869998,212699,212699,28355,184344,40,0
2870730,1335,1,2687989,2687989,2870730,182741,182741,27190,155551,62,0
2870830,1415,1,2692084,2692084,2870830,178746,178746,26210,152536,74,0
2870841,1459,1,2692140,2692140,2870841,178701,178701,26235,152466,72,0
2870994,1080,1,2684126,2684126,2870994,186868,186868,29300,157568,98,0
2872349,1426,1,2692093,2692093,2872349,180256,180256,27746,152510,63,0
2873124,1372,1,2688460,2688460,2873124,184664,184664,28504,156160,59,0
2873280,1388,1,2692016,2692016,2873280,181264,181264,28650,152614,74,0
2873741,1609,1,2718469,2718469,2873741,155272,155272,28148,127124,76,0
2874353,1399,1,2692030,2692030,2874353,182323,182323,29744,152579,74,0
2874934,979,1,2683270,2683270,2874934,191664,191664,29823,161841,105,0
2875319,1910,1,2722170,2722170,2875319,153149,153149,29642,123507,44,0
2876617,1505,1,2692248,2692248,2876617,184369,184369,30770,153599,65,0
2876725,1809,1,2719145,2719145,2876725,157580,157580,29727,127853,63,0
2876952,1615,1,2718476,2718476,2876952,158476,158476,29878,128598,87,0
2877596,1336,1,2687992,2687992,2877596,189604,189604,30390,159214,63,0
2877967,948,1,2682927,2682927,2877967,195040,195040,30169,164871,103,0
2878237,980,1,2683270,2683270,2878237,194967,194967,30084,164883,101,0
2878966,1383,1,2692003,2692003,2878966,186963,186963,30778,156185,73,0
2879156,1879,1,2722129,2722129,2879156,157027,157027,30289,126738,62,0
2880074,945,1,2682871,2682871,2880074,197203,197203,31099,166104,101,0
2880596,1999,1,2722420,2722420,2880596,158176,158176,30822,127354,58,0
2880622,1051,1,2683740,2683740,2880622,196882,196882,30675,166207,115,0
2881237,821,1,2671362,2671362,2881237,209875,209875,30995,178880,55,0
2881739,1601,1,2718462,2718462,2881739,163277,163277,31117,132160,79,0
2881778,693,1,2670374,2670374,2881778,211404,211404,30951,180453,83,0
2882325,1881,1,2722130,2722130,2882325,160195,160195,31358,128837,64,0
2882522,666,1,2670268,2670268,2882522,212254,212254,31137,181117,85,0
2885166,1945,1,2722208,2722208,2885166,162958,162958,33654,129304,62,0
2885202,1350,1,2688022,2688022,2885202,197180,197180,33706,163474,65,0
2885460,1492,1,2692210,2692210,2885460,193250,193250,33906,159344,65,0
2886006,1483,1,2692201,2692201,2886006,193805,193805,34470,159335,78,0
2888844,1452,1,2692131,2692131,2888844,196713,196713,37338,159375,73,0
2889251,1816,1,2719152,2719152,2889251,170099,170099,31579,138520,67,0
2889394,1258,1,2685978,2685978,2889394,203416,203416,31621,171795,78,0
2889397,776,1,2671171,2671171,2889397,218226,218226,31630,186596,58,0
2890588,1908,1,2722166,2722166,2890588,168422,168422,32907,135515,55,0
2892082,441,1,2657326,2657326,2892082,234756,234756,33872,200884,69,0
2892441,448,1,2657352,2657352,2892441,235089,235089,34233,200856,72,0
2893096,435,1,2657305,2657305,2893096,235791,235791,34892,200899,76,0
2893753,915,1,2675908,2675908,2893753,217845,217845,33341,184504,49,0
2893991,1680,1,2718683,2718683,2893991,175308,175308,32462,142846,82,0
2894405,449,1,2657355,2657355,2894405,237050,237050,32038,205012,58,0
2894760,1773,1,2719027,2719027,2894760,175733,175733,32208,143525,67,0
2895430,1905,1,2722163,2722163,2895430,173267,173267,32377,140890,53,0
2895504,828,1,2671429,2671429,2895504,224075,224075,33431,190644,87,0
2896597,1227,1,2685685,2685685,2896597,210912,210912,33951,176961,74,0
2897543,804,1,2671320,2671320,2897543,226223,226223,35452,190771,76,0
2898253,820,1,2671362,2671362,2898253,226891,226891,36166,190725,59,0
2898271,1621,1,2718479,2718479,2898271,179792,179792,35270,144522,89,0
2898403,1857,1,2722102,2722102,2898403,176301,176301,35350,140951,57,0
2900112,1861,1,2722106,2722106,2900112,178006,178006,37094,140912,59,0
2900381,1602,1,2718464,2718464,2900381,181917,181917,31528,150389,78,0
2900517,544,1,2661237,2661237,2900517,239280,239280,32513,206767,50,0
2900817,876,1,2672215,2672215,2900817,228602,228602,32768,195834,70,0
2901366,1200,1,2685513,2685513,2901366,215853,215853,32510,183343,84,0
2904004,479,1,2657610,2657610,2904004,246394,246394,36868,209526,74,0
2907560,839,1,2671460,2671460,2907560,236100,236100,40100,196000,64,0
2913094,1291,1,2687901,2687901,2913094,225193,225193,44250,180943,65,0
2913857,1027,1,2683635,2683635,2913857,230222,230222,42856,187366,127,0
2914119,1094,1,2684182,2684182,2914119,229937,229937,33914,196023,101,0
2914510,1178,1,2685447,2685447,2914510,229063,229063,34382,194681,93,0
2915137,1628,1,2718487,2718487,2915137,196650,196650,34960,161690,93,0
2915176,1646,1,2718566,2718566,2915176,196610,196610,35096,161514,78,0
2915294,1172,1,2685411,2685411,2915294,229883,229883,35165,194718,107,0
2915524,1705,1,2718735,2718735,2915524,196789,196789,35443,161346,70,0
2916255,691,1,2670370,2670370,2916255,245885,245885,33923,211962,89,0
2916661,1814,1,2719152,2719152,2916661,197509,197509,33584,163925,73,0
2917275,602,1,2661782,2661782,2917275,255493,255493,36335,219158,55,0
2918733,1987,1,2722349,2722349,2918733,196384,196384,37526,158858,55,0
2919288,1840,1,2722086,2722086,2919288,197202,197202,38327,158875,68,0
2919409,467,1,2657514,2657514,2919409,261895,261895,37344,224551,72,0
2919854,765,1,2670951,2670951,2919854,248903,248903,38901,210002,69,0
2920943,657,1,2670214,2670214,2920943,250729,250729,38748,211981,89,0
2921355,1845,1,2722091,2722091,2921355,199264,199264,40394,158870,66,0
2925109,1684,1,2718691,2718691,2925109,206418,206418,44744,161674,76,0
2925122,673,1,2670289,2670289,2925122,254833,254833,41398,213435,91,0
2927388,727,1,2670697,2670697,2927388,256691,256691,43674,213017,94,0
2927934,1564,1,2692463,2692463,2927934,235471,235471,37647,197824,61,0
2928706,1624,1,2718483,2718483,2928706,210223,210223,38425,171798,85,0
2929010,1088,1,2684170,2684170,2929010,244840,244840,38768,206072,102,0
2929530,1650,1,2718578,2718578,2929530,210952,210952,39213,171739,91,0
2931803,1734,1,2718817,2718817,2931803,212986,212986,41493,171493,76,0
2933684,686,1,2670363,2670363,2933684,263321,263321,43368,219953,79,0
2934771,857,1,2671919,2671919,2934771,262852,262852,44130,218722,74,0
2936885,1510,1,2692264,2692264,2936885,244621,244621,40161,204460,75,0
2938795,1245,1,2685880,2685880,2938795,252915,252915,39918,212997,68,0
2938815,527,1,2660900,2660900,2938815,277915,277915,39282,238633,57,0
2939161,1375,1,2688484,2688484,2939161,250677,250677,39616,211061,65,0
2939950,1310,1,2687943,2687943,2939950,252007,252007,40403,211604,59,0
2940693,1241,1,2685852,2685852,2940693,254841,254841,41796,213045,58,0
2942032,1456,1,2692140,2692140,2942032,249892,249892,42485,207407,73,0
2942115,1807,1,2719141,2719141,2942115,222974,222974,44404,178570,62,0
2942181,469,1,2657550,2657550,2942181,284631,284631,42644,241987,75,0
2942476,1928,1,2722189,2722189,2942476,220287,220287,39127,181160,50,0
2944730,1480,1,2692197,2692197,2944730,252533,252533,45158,207375,79,0
2945186,1983,1,2722333,2722333,2945186,222853,222853,40464,182389,58,0
2947220,1644,1,2718562,2718562,2947220,228658,228658,46580,182078,76,0
2949302,1009,1,2683521,2683521,2949302,265781,265781,49308,216473,101,0
2951950,458,1,2657421,2657421,2951950,294529,294529,52094,242435,68,0
2952315,545,1,2661248,2661248,2952315,291067,291067,52336,238731,52,0
2953619,1949,1,2722215,2722215,2953619,231404,231404,48919,182485,63,0
2954708,518,1,2660744,2660744,2954708,293964,293964,54729,239235,59,0
2955913,495,1,2660599,2660599,2955913,295314,295314,55971,239343,61,0
2957259,618,1,2661968,2661968,2957259,295291,295291,54879,240412,43,0
2958192,429,1,2643544,2643544,2958192,314648,314648,58200,256448,20,0
2959143,626,1,2662021,2662021,2959143,297122,297122,56767,240355,45,0
2959493,631,1,2662049,2662049,2959493,297444,297444,57118,240326,52,0
2960280,705,1,2670416,2670416,2960280,289864,289864,46127,243737,95,0
2960392,1792,1,2719114,2719114,2960392,241278,241278,54668,186610,65,0
2962703,619,1,2661968,2661968,2962703,300735,300735,60323,240412,43,0
2963060,1306,1,2687936,2687936,2963060,275124,275124,45370,229754,66,0
2964578,1025,1,2683625,2683625,2964578,280953,280953,49277,231676,128,0
2970775,1251,1,2685934,2685934,2970775,284841,284841,53123,231718,80,0
2970907,997,1,2683362,2683362,2970907,287545,287545,45729,241816,87,0
2973090,770,1,2671015,2671015,2973090,302075,302075,47218,254857,82,0
2974755,1287,1,2686362,2686362,2974755,288393,288393,57061,231332,72,0
2975338,1192,1,2685497,2685497,2975338,289841,289841,57637,232204,80,0
2980045,869,1,2672044,2672044,2980045,308001,308001,61105,246896,75,0
2981772,655,1,2670204,2670204,2981772,311568,311568,48074,263494,96,0
2983287,1496,1,2692218,2692218,2983287,291069,291069,48856,242213,68,0
2984517,929,1,2676434,2676434,2984517,308083,308083,61936,246147,49,0
2985583,486,1,2657651,2657651,2985583,327932,327932,61789,266143,68,0
2988264,773,1,2671038,2671038,2988264,317226,317226,62392,254834,69,0
2991009,1139,1,2684764,2684764,2991009,306245,306245,56460,249785,82,0
2992343,1252,1,2685964,2685964,2992343,306379,306379,60274,246105,76,0
2993631,1955,1,2722219,2722219,2993631,271412,271412,52427,218985,62,0
2994813,1279,1,2686234,2686234,2994813,308579,308579,60586,247993,83,0
2995020,1517,1,2692304,2692304,2995020,302716,302716,59840,242876,76,0
2995240,1509,1,2692263,2692263,2995240,302977,302977,60060,242917,74,0
2995415,1516,1,2692295,2692295,2995415,303120,303120,60235,242885,78,0
2995483,1748,1,2718873,2718873,2995483,276610,276610,58216,218394,70,0
2995824,1376,1,2688485,2688485,2995824,307339,307339,61377,245962,67,0
2995854,1511,1,2692267,2692267,2995854,303587,303587,60674,242913,75,0
2996575,842,1,2671524,2671524,2996575,325051,325051,47278,277773,56,0
2998344,823,1,2671370,2671370,2998344,326974,326974,49065,277909,59,0
3003182,714,1,2670587,2670587,3003182,332595,332595,53487,279108,97,0
3004142,811,1,2671337,2671337,3004142,332805,332805,54971,277834,87,0
3004577,764,1,2670949,2670949,3004577,333628,333628,52306,281322,64,0
3005955,904,1,2675862,2675862,3005955,330093,330093,56758,273335,53,0
3007098,792,1,2671248,2671248,3007098,335850,335850,57788,278062,79,0
3008470,710,1,2670513,2670513,3008470,337957,337957,58786,279171,89,0
3010005,683,1,2670329,2670329,3010005,339676,339676,56395,283281,98,0
3010018,717,1,2670621,2670621,3010018,339397,339397,60323,279074,74,0
3010781,1324,1,2687969,2687969,3010781,322812,322812,61056,261756,78,0
3011369,1074,1,2684085,2684085,3011369,327284,327284,57758,269526,98,0
3011965,906,1,2675867,2675867,3011965,336098,336098,62180,273918,53,0
3012167,538,1,2661124,2661124,3012167,351043,351043,59878,291165,51,0
3012790,1243,1,2685864,2685864,3012790,326926,326926,66922,260004,80,0
3017305,1893,1,2722143,2722143,3017305,295162,295162,65027,230135,59,0
3018519,564,1,2661682,2661682,3018519,356837,356837,67918,288919,47,0
3019831,864,1,2671984,2671984,3019831,347847,347847,63484,284363,64,0
3021523,1242,1,2685860,2685860,3021523,335663,335663,63842,271821,68,0
3021864,1267,1,2686023,2686023,3021864,335841,335841,64421,271420,76,0
3023476,694,1,2670377,2670377,3023476,353099,353099,69630,283469,87,0
3025437,942,1,2682867,2682867,3025437,342570,342570,70085,272485,129,0
3025484,485,1,2657648,2657648,3025484,367836,367836,63744,304092,68,0
3025930,1075,1,2684089,2684089,3025930,341841,341841,64187,277654,99,0
3027494,1904,1,2722163,2722163,3027494,305331,305331,64754,240577,58,0
3030321,1507,1,2692252,2692252,3030321,338069,338069,68242,269827,74,0
3030586,1141,1,2684776,2684776,3030586,345810,345810,63309,282501,93,0
3030642,841,1,2671522,2671522,3030642,359120,359120,67900,291220,56,0
3031766,443,1,2657334,2657334,3031766,374432,374432,64421,310011,65,0
3034606,1973,1,2722303,2722303,3034606,312303,312303,66775,245528,60,0
3035421,1142,1,2684822,2684822,3035421,350599,350599,68144,282455,87,0
3036900,908,1,2675873,2675873,3036900,361027,361027,69806,291221,56,0
3037672,1130,1,2684353,2684353,3037672,353319,353319,69317,284002,95,0
3041265,1872,1,2722121,2722121,3041265,319144,319144,70070,249074,62,0
3044139,1397,1,2692027,2692027,3044139,352112,352112,72201,279911,82,0
3044484,1352,1,2688043,2688043,3044484,356441,356441,72495,283946,80,0
3044823,1652,1,2718582,2718582,3044823,326241,326241,70145,256096,90,0
3045196,588,1,2661742,2661742,3045196,383454,383454,69904,313550,51,0
3047177,1184,1,2685466,2685466,3047177,361711,361711,71606,290105,102,0
3047925,1191,1,2685496,2685496,3047925,362429,362429,72353,290076,104,0
3049567,1984,1,2722333,2722333,3049567,327234,327234,73521,253713,61,0
3049574,1784,1,2719101,2719101,3049574,330473,330473,73668,256805,70,0
3054372,1179,1,2685451,2685451,3054372,368921,368921,78801,290120,99,0
3056727,976,1,2683197,2683197,3056727,373530,373530,72447,301083,112,0
3058268,1379,1,2688510,2688510,3058268,369758,369758,74021,295737,76,0
3059858,459,1,2657424,2657424,3059858,402434,402434,71478,330956,74,0
3061739,1723,1,2718777,2718777,3061739,342962,342962,75134,267828,87,0
3064901,1400,1,2692031,2692031,3064901,372870,372870,78411,294459,81,0
3065653,610,1,2661852,2661852,3065653,403801,403801,78966,324835,61,0
3066012,803,1,2671320,2671320,3066012,394692,394692,79509,315183,90,0
3066878,1257,1,2685972,2685972,3066878,380906,380906,80282,300624,83,0
3067246,1447,1,2692121,2692121,3067246,375125,375125,80463,294662,82,0
3068010,1936,1,2722197,2722197,3068010,345813,345813,81353,264460,74,0
3068764,742,1,2670778,2670778,3068764,397986,397986,78556,319430,99,0
3068808,1952,1,2722216,2722216,3068808,346592,346592,78556,268036,65,0
3069929,1056,1,2683763,2683763,3069929,386166,386166,77402,308764,116,0
3070357,1229,1,2685741,2685741,3070357,384616,384616,80316,304300,89,0
3071455,1493,1,2692211,2692211,3071455,379244,379244,76699,302545,75,0
3074320,1518,1,2692308,2692308,3074320,382012,382012,79690,302322,65,0
3074826,984,1,2683277,2683277,3074826,391549,391549,76523,315026,111,0
3076140,937,1,2682787,2682787,3076140,393353,393353,77841,315512,127,0
3080432,802,1,2671317,2671317,3080432,409115,409115,84667,324448,93,0
3080527,576,1,2661707,2661707,3080527,418820,418820,80870,337950,65,0
3083324,1194,1,2685500,2685500,3083324,397824,397824,87551,310273,89,0
3083828,488,1,2657667,2657667,3083828,426161,426161,85596,340565,60,0
3084429,508,1,2660652,2660652,3084429,423777,423777,85107,338670,69,0
3084714,591,1,2661749,2661749,3084714,422965,422965,85009,337956,50,0
3085105,1370,1,2688444,2688444,3085105,396661,396661,83416,313245,63,0
3085723,689,1,2670367,2670367,3085723,415356,415356,84031,331325,105,0
3085751,818,1,2671352,2671352,3085751,414399,414399,85216,329183,89,0
3087320,731,1,2670711,2670711,3087320,416609,416609,87126,329483,107,0
3087492,1133,1,2684448,2684448,3087492,403044,403044,85810,317234,97,0
3090802,867,1,2672040,2672040,3090802,418762,418762,88675,330087,82,0
3092552,536,1,2661114,2661114,3092552,431438,431438,87719,343719,59,0
3093975,1527,1,2692364,2692364,3093975,401611,401611,87916,313695,60,0
3095605,1789,1,2719110,2719110,3095605,376495,376495,86671,289824,70,0
3095674,744,1,2670782,2670782,3095674,424892,424892,86402,338490,83,0
3097280,546,1,2661254,2661254,3097280,436026,436026,88026,348000,58,0
3097968,1738,1,2718835,2718835,3097968,379133,379133,85498,293635,80,0
3098342,993,1,2683355,2683355,3098342,414987,414987,86167,328820,111,0
3099977,840,1,2671498,2671498,3099977,428479,428479,88506,339973,64,0
3100091,1774,1,2719027,2719027,3100091,381064,381064,87645,293419,76,0
3100173,1924,1,2722185,2722185,3100173,377988,377988,87016,290972,54,0
3102307,1560,1,2692451,2692451,3102307,409856,409856,90679,319177,70,0
3104347,1572,1,2692474,2692474,3104347,411873,411873,89692,322181,77,0
3109913,1207,1,2685577,2685577,3109913,424336,424336,98306,326030,79,0
3110485,1810,1,2719146,2719146,3110485,391339,391339,98889,292450,79,0
3111067,1768,1,2719017,2719017,3111067,392050,392050,94364,297686,72,0
3112263,1752,1,2718929,2718929,3112263,393334,393334,95564,297770,78,0
3112787,452,1,2657379,2657379,3112787,455408,455408,101434,353974,73,0
3113106,1547,1,2692424,2692424,3113106,420682,420682,101595,319087,77,0
3113540,1808,1,2719142,2719142,3113540,394398,394398,101944,292454,70,0
3113794,1754,1,2718938,2718938,3113794,394856,394856,97110,297746,79,0
3114264,668,1,2670272,2670272,3114264,443992,443992,102866,341126,104,0
3114628,594,1,2661756,2661756,3114628,452872,452872,103248,349624,64,0
3115079,1823,1,2719162,2719162,3115079,395917,395917,98379,297538,81,0
3116464,789,1,2671243,2671243,3116464,445221,445221,88431,356790,79,0
3116943,882,1,2672359,2672359,3116943,444584,444584,91511,353073,68,0
3117564,1838,1,2722084,2722084,3117564,395480,395480,100896,294584,77,0
3118297,1961,1,2722236,2722236,3118297,396061,396061,101549,294512,72,0
3120712,566,1,2661686,2661686,3120712,459026,459026,95796,363230,67,0
3120965,1270,1,2686066,2686066,3120965,434899,434899,90397,344502,84,0
3121042,1954,1,2722219,2722219,3121042,398823,398823,87379,311444,66,0
3122850,1932,1,2722193,2722193,3122850,400657,400657,89232,311425,59,0
3124104,586,1,2661739,2661739,3124104,462365,462365,99186,363179,54,0
3125083,1193,1,2685500,2685500,3125083,439583,439583,99705,339878,88,0
3126641,877,1,2672266,2672266,3126641,454375,454375,101272,353103,74,0
3128668,1769,1,2719018,2719018,3128668,409650,409650,95033,314617,77,0
3129988,964,1,2683059,2683059,3129988,446929,446929,89378,357551,139,0
3130032,1974,1,2722306,2722306,3130032,407726,407726,98971,308755,72,0
3130779,1371,1,2688450,2688450,3130779,442329,442329,100197,342132,72,0
3130845,1626,1,2718485,2718485,3130845,412360,412360,99826,312534,102,0
3132173,690,1,2670370,2670370,3132173,461803,461803,91319,370484,102,0
3132474,611,1,2661865,2661865,3132474,470609,470609,93670,376939,55,0
3132797,1529,1,2692368,2692368,3132797,440429,440429,101776,338653,76,0
3133200,1556,1,2692448,2692448,3133200,440752,440752,102133,338619,71,0
3133267,998,1,2683366,2683366,3133267,449901,449901,92439,357462,102,0
3134295,1021,1,2683601,2683601,3134295,450694,450694,93455,357239,114,0
3137110,1487,1,2692204,2692204,3137110,444906,444906,103436,341470,79,0
3137243,1525,1,2692354,2692354,3137243,444889,444889,103682,341207,68,0
3137779,1058,1,2683771,2683771,3137779,454008,454008,93399,360609,115,0
3138846,1885,1,2722133,2722133,3138846,416713,416713,92390,324323,72,0
3139722,1657,1,2718597,2718597,3139722,421125,421125,93339,327786,98,0
3139840,769,1,2671000,2671000,3139840,468840,468840,98990,369850,95,0
3139849,1064,1,2683791,2683791,3139849,456058,456058,95470,360588,109,0
3140305,1004,1,2683447,2683447,3140305,456858,456858,99408,357450,138,0
3140616,767,1,2670993,2670993,3140616,469623,469623,99766,369857,76,0
3142993,1638,1,2718514,2718514,3142993,424479,424479,96631,327848,75,0
3145217,772,1,2671030,2671030,3145217,474187,474187,104367,369820,77,0
3147559,1436,1,2692106,2692106,3147559,455453,455453,104223,351230,89,0
3147660,947,1,2682927,2682927,3147660,464733,464733,91978,372755,134,0
3147716,901,1,2675846,2675846,3147716,471870,471870,92048,379822,61,0
3147752,1073,1,2684085,2684085,3147752,463667,463667,103380,360287,102,0
3148732,1312,1,2687947,2687947,3148732,460785,460785,93096,367689,71,0
3149351,1204,1,2685521,2685521,3149351,463830,463830,104959,358871,86,0
3149370,754,1,2670900,2670900,3149370,478470,478470,93759,384711,96,0
3149751,1359,1,2688377,2688377,3149751,461374,461374,104357,357017,64,0
3150615,473,1,2657569,2657569,3150615,493046,493046,105354,387692,97,0
3151426,1630,1,2718489,2718489,3151426,432937,432937,106775,326162,98,0
3151538,1305,1,2687935,2687935,3151538,463603,463603,95944,367659,68,0
3153834,494,1,2660595,2660595,3153834,493239,493239,112264,380975,72,0
3154114,533,1,2661082,2661082,3154114,493032,493032,105617,387415,68,0
3154484,1995,1,2722415,2722415,3154484,432069,432069,107723,324346,75,0
3155065,1568,1,2692471,2692471,3155065,462594,462594,109829,352765,75,0
3155461,1892,1,2722140,2722140,3155461,433321,433321,110282,323039,71,0
3156041,791,1,2671247,2671247,3156041,484794,484794,100359,384435,92,0
3156105,844,1,2671608,2671608,3156105,484497,484497,100483,384014,73,0
3156478,1127,1,2684348,2684348,3156478,472130,472130,100879,371251,79,0
3157651,1958,1,2722227,2722227,3157651,435424,435424,112419,323005,73,0
3157711,1996,1,2722416,2722416,3157711,435295,435295,110950,324345,75,0
3158186,1935,1,2722196,2722196,3158186,435990,435990,112481,323509,77,0
3158432,436,1,2657308,2657308,3158432,501124,501124,112031,389093,62,0
3158559,678,1,2670319,2670319,3158559,488240,488240,102866,385374,108,0
3158678,632,1,2662060,2662060,3158678,496618,496618,103066,393552,56,0
3159696,1895,1,2722155,2722155,3159696,437541,437541,114500,323041,72,0
3161467,572,1,2661698,2661698,3161467,499769,499769,105815,393954,63,0
3163296,1334,1,2687989,2687989,3163296,475307,475307,107656,367651,78,0
3163928,1377,1,2688492,2688492,3163928,475436,475436,111568,363868,81,0
3163967,519,1,2660747,2660747,3163967,503220,503220,122357,380863,66,0
3164727,889,1,2675811,2675811,3164727,488916,488916,114567,374349,63,0
3165247,635,1,2662078,2662078,3165247,503169,503169,109636,393533,62,0
3165256,1930,1,2722192,2722192,3165256,443064,443064,106371,336693,59,0
3167306,431,1,2657288,2657288,3167306,510018,510018,121147,388871,86,0
3167760,549,1,2661657,2661657,3167760,506103,506103,107943,398160,74,0
3168016,1964,1,2722273,2722273,3168016,445743,445743,122316,323427,61,0
3168467,1226,1,2685682,2685682,3168467,482785,482785,116146,366639,85,0
3168926,1887,1,2722136,2722136,3168926,446790,446790,123725,323065,72,0
3169117,481,1,2657619,2657619,3169117,511498,511498,122933,388565,75,0
3169666,1837,1,2722083,2722083,3169666,447583,447583,124508,323075,80,0
3169835,432,1,2657292,2657292,3169835,512543,512543,114238,398305,68,0
3171712,1826,1,2719169,2719169,3171712,452543,452543,126543,326000,82,0
3171940,813,1,2671341,2671341,3171940,500599,500599,108398,392201,102,0
3172889,1796,1,2719118,2719118,3172889,453771,453771,127728,326043,77,0
3173607,663,1,2670261,2670261,3173607,503346,503346,113777,389569,108,0
3173825,1681,1,2718690,2718690,3173825,455135,455135,120305,334830,90,0
3174003,1049,1,2683737,2683737,3174003,490266,490266,118318,371948,136,0
3174472,1408,1,2692071,2692071,3174472,482401,482401,122134,360267,96,0
3175160,707,1,2670454,2670454,3175160,504706,504706,119549,385157,101,0
3176052,1783,1,2719101,2719101,3176052,456951,456951,122398,334553,75,0
3176400,967,1,2683114,2683114,3176400,493286,493286,126280,367006,144,0
3177003,1431,1,2692099,2692099,3177003,484904,484904,124635,360269,91,0
3178140,1440,1,2692111,2692111,3178140,486029,486029,125718,360311,90,0
3181609,1427,1,2692094,2692094,3181609,489515,489515,129274,360241,81,0
3182462,1066,1,2683815,2683815,3182462,498647,498647,107398,391249,102,0
3182749,670,1,2670284,2670284,3182749,512465,512465,115513,396952,111,0
3183236,743,1,2670779,2670779,3183236,512457,512457,115225,397232,103,0
3185056,645,1,2670163,2670163,3185056,514893,514893,125241,389652,107,0
3186862,637,1,2662106,2662106,3186862,524756,524756,119764,404992,62,0
3191063,829,1,2671429,2671429,3191063,519634,519634,127496,392138,83,0
3192225,447,1,2657347,2657347,3192225,534878,534878,125161,409717,76,0
3193875,1235,1,2685805,2685805,3193875,508070,508070,115356,392714,76,0
3194173,1085,1,2684167,2684167,3194173,510006,510006,119131,390875,115,0
3194903,1576,1,2692487,2692487,3194903,502416,502416,116621,385795,83,0
3195253,1697,1,2718719,2718719,3195253,476534,476534,109539,366995,83,0
3195399,1448,1,2692124,2692124,3195399,503275,503275,127267,376008,88,0
3196012,590,1,2661747,2661747,3196012,534265,534265,128715,405550,56,0
3197173,985,1,2683278,2683278,3197173,513895,513895,125974,387921,109,0
3197759,1030,1,2683652,2683652,3197759,514107,514107,123076,391031,135,0
3197809,987,1,2683289,2683289,3197809,514520,514520,126610,387910,126,0
3198258,795,1,2671257,2671257,3198258,527001,527001,128656,398345,96,0
3200629,865,1,2671999,2671999,3200629,528630,528630,130047,398583,76,0
3200696,503,1,2660627,2660627,3200696,540069,540069,135341,404728,74,0
3206634,1160,1,2684925,2684925,3206634,521709,521709,131468,390241,111,0
3206670,1345,1,2688008,2688008,3206670,518662,518662,128037,390625,83,0
3207140,1606,1,2718468,2718468,3207140,488672,488672,114972,373700,95,0
3208558,1171,1,2685405,2685405,3208558,523153,523153,116475,406678,113,0
3208920,1569,1,2692471,2692471,3208920,516449,516449,128733,387716,77,0
3208975,1647,1,2718571,2718571,3208975,490404,490404,116344,374060,97,0
3210534,953,1,2682971,2682971,3210534,527563,527563,119032,408531,121,0
3211024,1772,1,2719025,2719025,3211024,491999,491999,130464,361535,81,0
3212045,1008,1,2683514,2683514,3212045,528531,528531,137313,391218,124,0
3214133,492,1,2660588,2660588,3214133,553545,553545,131939,421606,72,0
3215811,1980,1,2722325,2722325,3215811,493486,493486,127496,365990,73,0
3216249,1640,1,2718542,2718542,3216249,497707,497707,124068,373639,104,0
3217137,1055,1,2683759,2683759,3217137,533378,533378,142468,390910,112,0
3217324,1608,1,2718469,2718469,3217324,498855,498855,125156,373699,98,0
3217449,1619,1,2718479,2718479,3217449,498970,498970,125344,373626,92,0
3218236,1169,1,2685398,2685398,3218236,532838,532838,126148,406690,100,0
3220663,1478,1,2692196,2692196,3220663,528467,528467,132729,395738,89,0
3222914,1605,1,2718466,2718466,3222914,504448,504448,134300,370148,92,0
3222919,806,1,2671324,2671324,3222919,551595,551595,131362,420233,79,0
3223081,1941,1,2722202,2722202,3223081,500879,500879,140648,360231,76,0
3223387,580,1,2661714,2661714,3223387,561673,561673,134122,427551,64,0
3223849,1479,1,2692196,2692196,3223849,531653,531653,135915,395738,89,0
3224689,662,1,2670261,2670261,3224689,554428,554428,132861,421567,107,0
3224938,1442,1,2692116,2692116,3224938,532822,532822,136414,396408,92,0
3225640,543,1,2661232,2661232,3225640,564408,564408,136233,428175,69,0
3226252,1076,1,2684092,2684092,3226252,542160,542160,134918,407242,123,0
3227231,1443,1,2692116,2692116,3227231,535115,535115,138707,396408,92,0
3227394,1177,1,2685444,2685444,3227394,541950,541950,133913,408037,111,0
3228858,862,1,2671972,2671972,3228858,556886,556886,136809,420077,89,0
3229647,654,1,2670201,2670201,3229647,559446,559446,137862,421584,106,0
3229855,1125,1,2684345,2684345,3229855,545510,545510,138322,407188,103,0
3231393,642,1,2670107,2670107,3231393,561286,561286,141939,419347,97,0
3231569,1174,1,2685427,2685427,3231569,546142,546142,138088,408054,90,0
3231734,1439,1,2692110,2692110,3231734,539624,539624,143784,395840,93,0
3232324,1923,1,2722185,2722185,3232324,510139,510139,149904,360235,60,0
3233157,1071,1,2684081,2684081,3233157,549076,549076,141800,407276,103,0
3233674,682,1,2670326,2670326,3233674,563348,563348,142205,421143,111,0
3233890,596,1,2661766,2661766,3233890,572124,572124,151851,420273,64,0
3235289,1484,1,2692201,2692201,3235289,543088,543088,146825,396263,81,0
3238682,706,1,2670451,2670451,3238682,568231,568231,147140,421091,103,0
3239584,1012,1,2683544,2683544,3239584,556040,556040,164840,391200,115,0
3240011,751,1,2670870,2670870,3240011,569141,569141,148466,420675,82,0
3240373,750,1,2670863,2670863,3240373,569510,569510,148825,420685,84,0
3240396,563,1,2661681,2661681,3240396,578715,578715,158148,420567,68,0
3240719,1689,1,2718710,2718710,3240719,522009,522009,132472,389537,93,0
3240762,1338,1,2687995,2687995,3240762,552767,552767,142495,410272,89,0
3241925,986,1,2683280,2683280,3241925,558645,558645,150365,408280,111,0
3241985,1339,1,2687996,2687996,3241985,553989,553989,143466,410523,88,0
3242633,1664,1,2718633,2718633,3242633,524000,524000,153861,370139,96,0
3243110,817,1,2671349,2671349,3243110,571761,571761,151078,420683,81,0
3244730,1918,1,2722181,2722181,3244730,522549,522549,134374,388175,70,0
3244882,1651,1,2718578,2718578,3244882,526304,526304,156069,370235,100,0
3245153,1151,1,2684885,2684885,3245153,560268,560268,153458,406810,108,0
3245388,1033,1,2683682,2683682,3245388,561706,561706,153290,408416,110,0
3246994,688,1,2670367,2670367,3246994,576627,576627,155498,421129,95,0
3249969,1913,1,2722171,2722171,3249969,527798,527798,139613,388185,72,0
3251247,1429,1,2692095,2692095,3251247,559152,559152,163385,395767,90,0
3251624,1907,1,2722166,2722166,3251624,529458,529458,141258,388200,64,0
3253011,843,1,2671600,2671600,3253011,581411,581411,161062,420349,69,0
3253560,1467,1,2692151,2692151,3253560,561409,561409,163758,397651,91,0
3254153,1898,1,2722159,2722159,3254153,531994,531994,143452,388542,79,0
3257426,625,1,2662011,2662011,3257426,595415,595415,165704,429711,63,0
3258823,1794,1,2719115,2719115,3258823,539708,539708,149619,390089,71,0
3260057,1968,1,2722288,2722288,3260057,537769,537769,149188,388581,74,0
3261575,1123,1,2684312,2684312,3261575,577263,577263,168405,408858,79,0
3261938,1890,1,2722139,2722139,3261938,539799,539799,151155,388644,74,0
3262654,1551,1,2692440,2692440,3262654,570214,570214,174772,395442,80,0
3262754,968,1,2683118,2683118,3262754,579636,579636,134454,445182,125,0
3264910,1975,1,2722309,2722309,3264910,542601,542601,154369,388232,80,0
3265422,1897,1,2722155,2722155,3265422,543267,543267,154706,388561,75,0
3267151,963,1,2683056,2683056,3267151,584095,584095,138862,445233,144,0
3267568,521,1,2660781,2660781,3267568,606787,606787,173422,433365,71,0
3267952,423,2,2606073,2606073,3267952,661879,661879,75887,585992,5,0
3269184,1300,1,2687925,2687925,3269184,581259,581259,135073,446186,67,0
3269467,907,1,2675870,2675870,3269467,593597,593597,141199,452398,67,0
3270676,892,1,2675819,2675819,3270676,594857,594857,142573,452284,73,0
3271746,1202,1,2685517,2685517,3271746,586229,586229,143655,442574,96,0
3274106,609,1,2661844,2661844,3274106,612262,612262,182354,429908,63,0
3276329,1343,1,2688004,2688004,3276329,588325,588325,139788,448537,84,0
3276598,1170,1,2685405,2685405,3276598,591193,591193,148588,442605,114,0
3277166,1956,1,2722220,2722220,3277166,554946,554946,166155,388791,74,0
3278299,1384,1,2692006,2692006,3278299,586293,586293,140794,445499,96,0
3279103,677,1,2670305,2670305,3279103,608798,608798,183070,425728,113,0
3279342,1692,1,2718714,2718714,3279342,560628,560628,138043,422585,95,0
3280936,972,1,2683183,2683183,3280936,597753,597753,152626,445127,126,0
3281239,1813,1,2719149,2719149,3281239,562090,562090,137599,424491,83,0
3282431,608,1,2661808,2661808,3282431,620623,620623,186512,434111,64,0
3282793,939,1,2682792,2682792,3282793,600001,600001,186721,413280,135,0
3285112,784,1,2671230,2671230,3285112,613882,613882,158191,455691,87,0
3285359,1693,1,2718714,2718714,3285359,566645,566645,144048,422597,94,0
3285778,1553,1,2692444,2692444,3285778,593334,593334,147206,446128,72,0
3285913,1625,1,2718485,2718485,3285913,567428,567428,145812,421616,114,0
3287884,888,1,2675807,2675807,3287884,612077,612077,191816,420261,65,0
3288535,1982,1,2722330,2722330,3288535,566205,566205,177623,388582,81,0
3288787,1911,1,2722170,2722170,3288787,566617,566617,169015,397602,65,0
3288815,1410,1,2692072,2692072,3288815,596743,596743,150102,446641,98,0
3289201,1915,1,2722174,2722174,3289201,567027,567027,169580,397447,73,0
3290322,440,1,2657323,2657323,3290322,632999,632999,173908,459091,85,0
3291330,1254,1,2685968,2685968,3291330,605362,605362,160199,445163,85,0
3291672,1607,1,2718469,2718469,3291672,573203,573203,152800,420403,102,0
3291787,1836,1,2722080,2722080,3291787,569707,569707,148179,421528,82,0
3293857,934,1,2682782,2682782,3293857,611075,611075,165459,445616,122,0
3295783,1860,1,2722103,2722103,3295783,573680,573680,177012,396668,73,0
3297949,1286,1,2686301,2686301,3297949,611648,611648,163835,447813,77,0
3298039,1268,1,2686035,2686035,3298039,612004,612004,166028,445976,87,0
3298052,778,1,2671201,2671201,3298052,626851,626851,171412,455439,95,0
3298168,1595,1,2718458,2718458,3298168,579710,579710,179235,400475,94,0
3299995,1555,1,2692447,2692447,3299995,607548,607548,181249,426299,74,0
3300144,687,1,2670363,2670363,3300144,629781,629781,188422,441359,115,0
3300421,1717,1,2718767,2718767,3300421,581654,581654,181387,400267,85,0
3302774,1864,1,2722114,2722114,3302774,580660,580660,183004,397656,74,0
3306076,799,1,2671297,2671297,3306076,634779,634779,179298,455481,106,0
3306420,1278,1,2686225,2686225,3306420,620195,620195,174469,445726,94,0
3307536,1498,1,2692218,2692218,3307536,615318,615318,168938,446380,89,0
3307730,1788,1,2719105,2719105,3307730,588625,588625,164144,424481,89,0
3307949,1622,1,2718481,2718481,3307949,589468,589468,167856,421612,103,0
3308034,1228,1,2685741,2685741,3308034,622293,622293,190101,432192,97,0
3308629,1302,1,2687928,2687928,3308629,620701,620701,189777,430924,69,0
3309177,1230,1,2685744,2685744,3309177,623433,623433,191205,432228,98,0
3309786,1858,1,2722103,2722103,3309786,587683,587683,166290,421393,69,0
3310669,1713,1,2718751,2718751,3310669,591918,591918,167082,424836,92,0
3312832,512,1,2660666,2660666,3312832,652166,652166,193867,458299,75,0
3314550,554,1,2661665,2661665,3314550,652885,652885,198124,454761,73,0
3314648,1672,1,2718663,2718663,3314648,595985,595985,174448,421537,103,0
3316539,1991,1,2722383,2722383,3316539,594156,594156,198554,395602,78,0
3318808,616,1,2661959,2661959,3318808,656849,656849,197120,459729,62,0
3319617,1557,1,2692451,2692451,3319617,627166,627166,180925,446241,73,0
3319809,1186,1,2685470,2685470,3319809,634339,634339,201652,432687,98,0
3319854,1702,1,2718729,2718729,3319854,601125,601125,176283,424842,83,0
3320485,391,1,2452096,2452096,3320485,868389,868389,244532,623857,2,0
3321201,471,1,2657558,2657558,3321201,663643,663643,201215,462428,93,0
3321304,528,1,2660930,2660930,3321304,660374,660374,201383,458991,73,0
3321415,1271,1,2686079,2686079,3321415,635336,635336,189561,445775,98,0
3322620,923,1,2676007,2676007,3322620,646613,646613,194253,452360,61,0
3323824,853,1,2671877,2671877,3323824,651947,651947,197264,454683,87,0
3324758,1281,1,2686252,2686252,3324758,638506,638506,192800,445706,90,0
3326997,555,1,2661667,2661667,3326997,665330,665330,210574,454756,63,0
3328786,1340,1,2687999,2687999,3328786,640787,640787,193823,446964,90,0
3329474,1062,1,2683785,2683785,3329474,645689,645689,200251,445438,110,0
3329722,1351,1,2688026,2688026,3329722,641696,641696,194826,446870,84,0
3329857,1005,1,2683451,2683451,3329857,646406,646406,201421,444985,138,0
3330379,1839,1,2722085,2722085,3330379,608294,608294,186755,421539,79,0
3331179,468,1,2657524,2657524,3331179,673655,673655,202887,470768,87,0
3332674,745,1,2670786,2670786,3332674,661888,661888,216256,445632,112,0
3333679,747,1,2670789,2670789,3333679,662890,662890,217261,445629,93,0
3335002,1798,1,2719122,2719122,3335002,615880,615880,191437,424443,79,0
3336717,1000,1,2683369,2683369,3336717,653348,653348,203693,449655,148,0
3337599,1045,1,2683716,2683716,3337599,653883,653883,204145,449738,127,0
3337656,762,1,2670937,2670937,3337656,666719,666719,221348,445371,95,0
3337920,728,1,2670697,2670697,3337920,667223,667223,209449,457774,111,0
3339466,1545,1,2692424,2692424,3339466,647042,647042,200881,446161,85,0
3340723,1162,1,2684938,2684938,3340723,655785,655785,211076,444709,100,0
3341212,1303,1,2687931,2687931,3341212,653281,653281,205435,447846,69,0
3341887,460,1,2657428,2657428,3341887,684459,684459,221946,462513,85,0
3342296,1358,1,2688366,2688366,3342296,653930,653930,206563,447367,74,0
3342997,1325,1,2687970,2687970,3342997,655027,655027,209449,445578,77,0
3343603,1154,1,2684892,2684892,3343603,658711,658711,213750,444961,116,0
3343975,1827,1,2719170,2719170,3343975,624805,624805,200356,424449,83,0
3345173,641,1,2669837,2669837,3345173,675336,675336,221778,453558,105,0
3345436,573,1,2661702,2661702,3345436,683734,683734,217477,466257,71,0
3348076,1470,1,2692189,2692189,3348076,655887,655887,212123,443764,90,0
3348871,585,1,2661736,2661736,3348871,687135,687135,220602,466533,65,0
3350239,946,1,2682874,2682874,3350239,667365,667365,219464,447901,126,0
3350604,1165,1,2684959,2684959,3350604,665645,665645,215588,450057,115,0
3350663,1489,1,2692206,2692206,3350663,658457,658457,214754,443703,78,0
3350828,1694,1,2718714,2718714,3350828,632114,632114,207157,424957,94,0
3351500,1157,1,2684910,2684910,3351500,666590,666590,233173,433417,115,0
3351556,1886,1,2722135,2722135,3351556,629421,629421,214714,414707,80,0
3351841,836,1,2671452,2671452,3351841,680389,680389,235548,444841,94,0
3352042,1817,1,2719153,2719153,3352042,632889,632889,208402,424487,83,0
3352495,1318,1,2687959,2687959,3352495,664536,664536,218384,446152,80,0
3354929,1504,1,2692229,2692229,3354929,662700,662700,216333,446367,89,0
3355660,1260,1,2686000,2686000,3355660,669660,669660,219599,450061,95,0
3355821,1598,1,2718461,2718461,3355821,637360,637360,218168,419192,100,0
3357857,1430,1,2692099,2692099,3357857,665758,665758,222270,443488,93,0
3358381,1104,1,2684235,2684235,3358381,674146,674146,223355,450791,118,0
3358546,1144,1,2684848,2684848,3358546,673698,673698,228516,445182,103,0
3360710,873,1,2672203,2672203,3360710,688507,688507,229719,458788,102,0
3364598,1238,1,2685838,2685838,3364598,678760,678760,228624,450136,85,0
3365132,1988,1,2722362,2722362,3365132,642770,642770,216591,426179,63,0
3365275,1730,1,2718809,2718809,3365275,646466,646466,221778,424688,102,0
3365315,1042,1,2683712,2683712,3365315,681603,681603,231966,449637,113,0
3367327,971,1,2683121,2683121,3367327,684206,684206,234251,449955,129,0
3368622,1585,1,2692528,2692528,3368622,676094,676094,232530,443564,89,0
3371394,497,1,2660606,2660606,3371394,710788,710788,243105,467683,83,0
3372383,1378,1,2688492,2688492,3372383,683891,683891,235684,448207,84,0
3373713,1209,1,2685581,2685581,3373713,688132,688132,242565,445567,71,0
3374123,1884,1,2722133,2722133,3374123,651990,651990,237276,414714,76,0
3374217,1552,1,2692444,2692444,3374217,681773,681773,235643,446130,79,0
3374631,589,1,2661745,2661745,3374631,712886,712886,253318,459568,62,0
3374974,1386,1,2692016,2692016,3374974,682958,682958,237491,445467,98,0
3375433,1812,1,2719149,2719149,3375433,656284,656284,231813,424471,85,0
3376341,760,1,2670930,2670930,3376341,705411,705411,259912,445499,81,0
3376731,1198,1,2685508,2685508,3376731,691223,691223,241594,449629,112,0
3377073,900,1,2675846,2675846,3377073,701227,701227,246004,455223,64,0
3377377,1332,1,2687982,2687982,3377377,689395,689395,241492,447903,73,0
3377761,462,1,2657464,2657464,3377761,720297,720297,249514,470783,66,0
3378091,1394,1,2692024,2692024,3378091,686067,686067,242133,443934,95,0
3380165,1946,1,2722211,2722211,3380165,657954,657954,233730,424224,76,0
3380460,1219,1,2685631,2685631,3380460,694829,694829,245289,449540,105,0
3380926,1785,1,2719104,2719104,3380926,661822,661822,237690,424132,96,0
3381472,1054,1,2683755,2683755,3381472,697717,697717,246506,451211,113,0
3385013,748,1,2670825,2670825,3385013,714188,714188,255755,458433,95,0
3386119,958,1,2683038,2683038,3386119,703081,703081,254008,449073,122,0
3386573,522,1,2660794,2660794,3386573,725779,725779,258335,467444,74,0
3387172,1549,1,2692431,2692431,3387172,694741,694741,248587,446154,88,0
3388628,430,4,2653756,2653756,3388628,734872,734872,101461,633411,14,0
3390150,1047,1,2683723,2683723,3390150,706427,706427,257202,449225,122,0
3391305,1670,1,2718647,2718647,3391305,672658,672658,249906,422752,98,0
3393652,1901,1,2722159,2722159,3393652,671493,671493,256902,414591,81,0
3396453,1971,1,2722298,2722298,3396453,674155,674155,259541,414614,70,0
3398388,1060,1,2683779,2683779,3398388,714609,714609,263218,451391,100,0
3399169,1780,1,2719075,2719075,3399169,680094,680094,255530,424564,77,0
3399391,1533,1,2692376,2692376,3399391,707015,707015,263694,443321,90,0
3399977,1795,1,2719118,2719118,3399977,680859,680859,256366,424493,81,0
3401376,696,1,2670380,2670380,3401376,730996,730996,272899,458097,115,0
3403925,1641,1,2718545,2718545,3403925,685380,685380,264803,420577,106,0
3405695,1656,1,2718597,2718597,3405695,687098,687098,265451,421647,105,0
3406879,1567,1,2692469,2692469,3406879,714410,714410,271240,443170,84,0
3409827,1038,1,2683696,2683696,3409827,726131,726131,276755,449376,112,0
3409921,498,1,2660610,2660610,3409921,749311,749311,281990,467321,86,0
3412909,1653,1,2718582,2718582,3412909,694327,694327,276399,417928,100,0
3413861,1753,1,2718932,2718932,3413861,694929,694929,270237,424692,85,0
3414096,558,1,2661672,2661672,3414096,752424,752424,285780,466644,64,0
3414662,606,1,2661797,2661797,3414662,752865,752865,286864,466001,69,0
3417020,1972,1,2722303,2722303,3417020,694717,694717,269903,424814,63,0
3417468,1645,1,2718563,2718563,3417468,698905,698905,277259,421646,90,0
3418925,1471,1,2692189,2692189,3418925,726736,726736,280348,446388,94,0
3422237,1584,1,2692506,2692506,3422237,729731,729731,286147,443584,83,0
3425488,1374,1,2688478,2688478,3425488,737010,737010,288788,448222,79,0
3427481,994,1,2683355,2683355,3427481,744126,744126,294175,449951,120,0
3428947,1528,1,2692366,2692366,3428947,736581,736581,293300,443281,79,0
3429930,991,1,2683351,2683351,3429930,746579,746579,296756,449823,119,0
3434024,1390,1,2692020,2692020,3434024,742004,742004,295306,446698,92,0
3434812,1063,1,2683789,2683789,3434812,751023,751023,300053,450970,118,0
3436081,1232,1,2685748,2685748,3436081,750333,750333,301155,449178,113,0
3437556,1712,1,2718751,2718751,3437556,718805,718805,293969,424836,90,0
3438338,1671,1,2718663,2718663,3438338,719675,719675,296612,423063,91,0
3440004,364,8,2322273,2322273,3440004,1117731,1117731,110912,1006819,3,0
3443517,1856,1,2722100,2722100,3443517,721417,721417,299995,421422,74,0
3443849,501,1,2660620,2660620,3443849,783229,783229,302993,480236,74,0
3445588,1851,1,2722096,2722096,3445588,723492,723492,302060,421432,81,0
3455439,1115,1,2684297,2684297,3455439,771142,771142,320374,450768,99,0
3458543,386,4,2427451,2427451,3458543,1031092,1031092,230761,800331,4,0
3459728,758,1,2670927,2670927,3459728,788801,788801,330445,458356,102,0
3461704,1437,1,2692106,2692106,3461704,769598,769598,326390,443208,96,0
3462845,612,1,2661919,2661919,3462845,800926,800926,304646,496280,65,0
3465857,1704,1,2718735,2718735,3465857,747122,747122,322274,424848,86,0
3466123,952,1,2682968,2682968,3466123,783155,783155,335415,447740,135,0
3470891,1203,1,2685518,2685518,3470891,785373,785373,336037,449336,87,0
3471906,824,1,2671373,2671373,3471906,800533,800533,340930,459603,112,0
3473603,833,1,2671444,2671444,3473603,802159,802159,342601,459558,97,0
3477449,628,1,2662035,2662035,3477449,815414,815414,315193,500221,65,0
3481169,1825,1,2719163,2719163,3481169,762006,762006,337757,424249,81,0
3488241,450,1,2657372,2657372,3488241,830869,830869,358257,472612,87,0
3488346,704,1,2670410,2670410,3488346,817936,817936,313522,504414,109,0
3494256,444,1,2657338,2657338,3494256,836918,836918,366166,470752,86,0
3494757,1485,1,2692203,2692203,3494757,802554,802554,359118,443436,89,0
3500535,559,1,2661674,2661674,3500535,838861,838861,352462,486399,74,0
3501142,1683,1,2718690,2718690,3501142,782452,782452,359118,423334,96,0
3505979,1381,1,2691997,2691997,3505979,813982,813982,326223,487759,94,0
3521140,461,1,2657431,2657431,3521140,863709,863709,389563,474146,78,0
3521831,1863,1,2722114,2722114,3521831,799717,799717,297903,501814,72,0
3523612,1781,1,2719077,2719077,3523612,804535,804535,380048,424487,89,0
3527443,667,1,2670269,2670269,3527443,857174,857174,353966,503208,108,0
3529523,664,1,2670264,2670264,3529523,859259,859259,363826,495433,117,0
3532042,646,1,2670190,2670190,3532042,861852,861852,368004,493848,117,0
3534481,1043,1,2683713,2683713,3534481,850768,850768,401094,449674,141,0
3537249,1882,1,2722132,2722132,3537249,815117,815117,393574,421543,76,0
3538584,1393,1,2692023,2692023,3538584,846561,846561,402933,443628,100,0
3538598,1632,1,2718496,2718496,3538598,820102,820102,341766,478336,83,0
3538977,1876,1,2722125,2722125,3538977,816852,816852,314963,501889,77,0
3539995,930,1,2681620,2681620,3539995,858375,858375,409283,449092,79,0
3542590,684,1,2670349,2670349,3542590,872241,872241,414130,458111,118,0
3543057,1222,1,2685639,2685639,3543057,857418,857418,407946,449472,91,0
3547969,955,1,2683031,2683031,3547969,864938,864938,372182,492756,132,0
3572782,1616,1,2718476,2718476,3572782,854306,854306,389062,465244,98,0
3600831,367,4,2327248,2327248,3600831,1273583,1273583,147356,1126227,1,0
3632718,409,8,2581927,2581927,3632718,1050791,1050791,119482,931309,3,0
3633297,374,8,2348578,2348578,3633297,1284719,1284719,120228,1164491,1,0
3634651,1888,1,2722137,2722137,3634651,912514,912514,408864,503650,80,0
3638155,785,1,2671234,2671234,3638155,966921,966921,422152,544769,100,0
3775065,195,16,1449863,1449863,3775065,2325202,2325202,199014,2126188,1,0
3807011,297,8,1822910,1822910,3807011,1984101,1984101,156090,1828011,8,0
3814570,327,4,2025109,2025109,3814570,1789461,1789461,259997,1529464,5,0
3891933,172,8,1047379,1047379,3891933,2844554,2844554,203667,2640887,4,0
3901832,340,8,2163683,2163683,3901832,1738149,1738149,138716,1599433,1,0
3919962,1750,1,2718920,2718920,3919962,1201042,1201042,776378,424664,86,0
3992508,1867,1,2722118,2722118,3992508,1270390,1270390,848873,421517,77,0
4129357,291,8,1822827,1822827,4129357,2306530,2306530,268069,2038461,4,0
4153823,398,4,2485014,2485014,4153823,1668809,1668809,287126,1381683,5,0
4231627,352,8,2312538,2312538,4231627,1919089,1919089,209684,1709405,10,0
4241094,388,1,2433436,2433436,4241094,1807658,1807658,1075997,731661,14,0
4260449,120,8,855115,855115,4260449,3405334,3405334,81335,3323999,2,0
4263784,270,4,1770447,1770447,4263784,2493337,2493337,127530,2365807,3,0
4287737,121,8,855118,855118,4287737,3432619,3432619,108620,3323999,2,0
4325392,111,4,820970,820970,4325392,3504422,3504422,198482,3305940,4,0
4425707,395,4,2478535,2478535,4425707,1947172,1947172,204964,1742208,1,0
4430243,1989,1,2722367,2722367,4430243,1707876,1707876,1087236,620640,70,0
4436752,1590,8,2701423,2701423,4436752,1735329,1735329,63512,1671817,22,0
4502419,1724,1,2718782,2718782,4502419,1783637,1783637,1158255,625382,98,0
4516517,1778,1,2719070,2719070,4516517,1797447,1797447,1172286,625161,86,0
4518239,157,8,996356,996356,4518239,3521883,3521883,141971,3379912,3,0
4535956,115,8,854174,854174,4535956,3681782,3681782,159557,3522225,8,0
4540565,365,8,2322308,2322308,4540565,2218257,2218257,148739,2069518,7,0
4888153,165,4,1019194,1019194,4888153,3868959,3868959,640820,3228139,3,0
4976086,229,4,1631586,1631586,4976086,3344500,3344500,386555,2957945,6,0
4991207,638,8,2666697,2666697,4991207,2324510,2324510,163445,2161065,30,0
4994832,547,1,2661650,2661650,4994832,2333182,2333182,1215317,1117865,82,0
5076300,198,8,1450142,1450142,5076300,3626158,3626158,237766,3388392,5,0
5123225,202,4,1530394,1530394,5123225,3592831,3592831,361781,3231050,22,0
5203723,215,4,1631039,1631039,5203723,3572684,3572684,407394,3165290,10,0
5708164,160,8,996544,996544,5708164,4711620,4711620,669565,4042055,7,0
5764349,347,16,2294578,2294578,5764349,3469771,3469771,140030,3329741,12,0
6101607,415,4,2596848,2596848,6101607,3504759,3504759,411625,3093134,6,0
6157011,154,8,995886,995886,6157011,5161125,5161125,237198,4923927,7,0
6363388,243,2,1646494,1646494,6363388,4716894,4716894,986445,3730449,19,0
6624828,226,4,1631555,1631555,6624828,4993273,4993273,656545,4336728,10,0
6871599,137,4,960177,960177,6871599,5911422,5911422,647637,5263785,6,0
7123495,251,8,1687883,1687883,7123495,5435612,5435612,462086,4973526,5,0
7258793,348,16,2294587,2294587,7258793,4964206,4964206,245877,4718329,2,0
7307103,175,8,1047393,1047393,7307103,6259710,6259710,283478,5976232,4,0
7570234,153,8,995749,995749,7570234,6574485,6574485,500066,6074419,9,0
7715181,232,8,1632632,1632632,7715181,6082549,6082549,383052,5699497,12,0
7836398,186,8,1178859,1178859,7836398,6657539,6657539,360937,6296602,4,0
7900160,1002,1,2683376,2683376,7900160,5216784,5216784,2200010,3016774,146,0
7941446,1536,1,2692381,2692381,7941446,5249065,5249065,2239004,3010061,93,0
8054081,417,8,2597176,2597176,8054081,5456905,5456905,397213,5059692,7,0
8091398,260,4,1769033,1769033,8091398,6322365,6322365,630453,5691912,8,0
8139555,321,8,1989244,1989244,8139555,6150311,6150311,357901,5792410,5,0
8241659,211,4,1631004,1631004,8241659,6610655,6610655,742697,5867958,10,0
8248061,30,4,573378,573378,8248061,7674683,7674683,664666,7010017,5,0
8250710,221,4,1631083,1631083,8250710,6619627,6619627,658378,5961249,8,0
8335859,338,4,2136440,2136440,8335859,6199419,6199419,742416,5457003,10,0
8357872,230,4,1631600,1631600,8357872,6726272,6726272,691051,6035221,19,0
9418341,205,16,1557968,1557968,9418341,7860373,7860373,1229518,6630855,5,0
9434097,135,4,905181,905181,9434097,8528916,8528916,714192,7814724,19,0
9476688,337,4,2128140,2128140,9476688,7348548,7348548,741753,6606795,13,0
9601404,181,8,1096098,1096098,9601404,8505306,8505306,478553,8026753,5,0
9607998,123,8,857634,857634,9607998,8750364,8750364,368868,8381496,13,0
9727220,233,8,1632658,1632658,9727220,8094562,8094562,483456,7611106,13,0
9756201,390,4,2446555,2446555,9756201,7309646,7309646,764900,6544746,11,0
9983757,371,4,2335306,2335306,9983757,7648451,7648451,966960,6681491,4,0
9987026,336,4,2127314,2127314,9987026,7859712,7859712,745997,7113715,11,0
10065159,296,8,1822892,1822892,10065159,8242267,8242267,455831,7786436,3,0
10169450,238,8,1641745,1641745,10169450,8527705,8527705,487579,8040126,8,0
10206479,320,8,1989212,1989212,10206479,8217267,8217267,420599,7796668,13,0
10315668,158,8,996359,996359,10315668,9319309,9319309,506164,8813145,8,0
10349958,344,4,2228466,2228466,10349958,8121492,8121492,858456,7263036,18,0
10383542,1,8,70024,70024,10383542,10313518,10313518,460102,9853416,2,0
10510230,143,8,963492,963492,10510230,9546738,9546738,559503,8987235,15,0
10586526,200,4,1512239,1512239,10586526,9074287,9074287,943475,8130812,9,0
10712519,355,8,2312592,2312592,10712519,8399927,8399927,574700,7825227,8,0
10970153,252,8,1687886,1687886,10970153,9282267,9282267,719180,8563087,5,0
11035077,220,4,1631077,1631077,11035077,9404000,9404000,1007480,8396520,18,0
11084755,363,8,2320958,2320958,11084755,8763797,8763797,527341,8236456,6,0
11267315,171,8,1047360,1047360,11267315,10219955,10219955,670744,9549211,11,0
11321185,193,8,1304054,1304054,11321185,10017131,10017131,547546,9469585,2,0
11485828,339,4,2163120,2163120,11485828,9322708,9322708,1148297,8174411,16,0
11520870,24,16,401067,401067,11520870,11119803,11119803,286339,10833464,16,0
11669324,375,8,2367116,2367116,11669324,9302208,9302208,654524,8647684,4,0
11726168,18,16,394933,394933,11726168,11331235,11331235,314827,11016408,5,0
12437707,188,8,1178874,1178874,12437707,11258833,11258833,1239250,10019583,11,0
13027254,419,8,2600242,2600242,13027254,10427012,10427012,1118074,9308938,10,0
13081868,306,8,1856591,1856591,13081868,11225277,11225277,591643,10633634,9,0
13491816,421,8,2604199,2604199,13491816,10887617,10887617,962360,9925257,8,0
13509595,92,4,766066,766066,13509595,12743529,12743529,1175141,11568388,19,0
13650266,224,4,1631552,1631552,13650266,12018714,12018714,1294205,10724509,9,0
13844418,376,4,2372592,2372592,13844418,11471826,11471826,1344157,10127669,11,0
13886309,152,8,995747,995747,13886309,12890562,12890562,626408,12264154,13,0
14286955,97,4,766093,766093,14286955,13520862,13520862,1618713,11902149,19,0
14318552,311,16,1883811,1883811,14318552,12434741,12434741,332221,12102520,5,0
14472157,346,16,2294569,2294569,14472157,12177588,12177588,468177,11709411,14,0
14565739,326,8,1999507,1999507,14565739,12566232,12566232,748747,11817485,8,0
14657752,138,8,960874,960874,14657752,13696878,13696878,755528,12941350,13,0
15048954,196,16,1449967,1449967,15048954,13598987,13598987,731170,12867817,4,0
15062329,246,2,1646505,1646505,15062329,13415824,13415824,2799272,10616552,77,0
15089043,277,4,1774638,1774638,15089043,13314405,13314405,1429261,11885144,22,0
15664246,278,4,1774640,1774640,15664246,13889606,13889606,2006482,11883124,15,0
15800708,126,8,857742,857742,15800708,14942966,14942966,866683,14076283,11,0
15951998,161,8,996548,996548,15951998,14955450,14955450,913602,14041848,12,0
17925812,257,8,1730048,1730048,17925812,16195764,16195764,2729632,13466132,15,0
18772590,213,4,1631022,1631022,18772590,17141568,17141568,2434032,14707536,30,0
19093668,146,8,964711,964711,19093668,18128957,18128957,1124484,17004473,12,0
19114940,1592,4,2713430,2713430,19114940,16401510,16401510,1713516,14687994,35,0
19124799,310,8,1869016,1869016,19124799,17255783,17255783,880686,16375097,11,0
19379342,112,4,821081,821081,19379342,18558261,18558261,2003388,16554873,9,0
19540395,2,4,135296,135296,19540395,19405099,19405099,1924399,17480700,24,0
20059606,378,16,2376860,2376860,20059606,17682746,17682746,961152,16721594,8,0
20323427,162,4,1019104,1019104,20323427,19304323,19304323,2192473,17111850,13,0
20368612,132,8,861366,861366,20368612,19507246,19507246,1042157,18465089,12,0
20550567,144,4,963852,963852,20550567,19586715,19586715,2185298,17401417,10,0
20649800,281,4,1774670,1774670,20649800,18875130,18875130,2107672,16767458,7,0
20705306,241,2,1646306,1646306,20705306,19059000,19059000,4244887,14814113,36,0
20922859,255,2,1688722,1688722,20922859,19234137,19234137,4479073,14755064,18,0
20968737,218,4,1631067,1631067,20968737,19337670,19337670,2195709,17141961,15,0
20976212,227,4,1631556,1631556,20976212,19344656,19344656,2211715,17132941,11,0
21038871,101,4,781010,781010,21038871,20257861,20257861,2276736,17981125,17,0
21047469,104,4,784410,784410,21047469,20263059,20263059,2239657,18023402,11,0
21574725,169,8,1047350,1047350,21574725,20527375,20527375,1678454,18848921,14,0
21638273,333,4,2090363,2090363,21638273,19547910,19547910,2378436,17169474,15,0
21658509,400,8,2494512,2494512,21658509,19163997,19163997,1139552,18024445,17,0
21692645,285,4,1774822,1774822,21692645,19917823,19917823,2332841,17584982,33,0
22721309,164,4,1019170,1019170,22721309,21702139,21702139,3459244,18242895,11,0
22722162,214,4,1631035,1631035,22722162,21091127,21091127,2335315,18755812,14,0
22793194,292,8,1822851,1822851,22793194,20970343,20970343,1238138,19732205,14,0
22882547,334,4,2116069,2116069,22882547,20766478,20766478,2472659,18293819,29,0
23263471,410,16,2594093,2594093,23263471,20669378,20669378,976357,19693021,11,0
23680158,189,8,1178884,1178884,23680158,22501274,22501274,1656241,20845033,14,0
24149182,331,4,2061649,2061649,24149182,22087533,22087533,2917630,19169903,15,0
24240751,307,8,1865425,1865425,24240751,22375326,22375326,1359186,21016140,16,0
24483063,279,4,1774667,1774667,24483063,22708396,22708396,2829884,19878512,12,0
24577719,4,4,265278,265278,24577719,24312441,24312441,2919714,21392727,13,0
24739211,240,2,1646305,1646305,24739211,23092906,23092906,5904651,17188255,45,0
24864512,100,4,780879,780879,24864512,24083633,24083633,3049919,21033714,13,0
24984061,131,8,861361,861361,24984061,24122700,24122700,1775226,22347474,21,0
25835405,176,8,1047404,1047404,25835405,24788001,24788001,2502374,22285627,13,0
26369625,210,4,1627770,1627770,26369625,24741855,24741855,3554000,21187855,23,0
26470171,317,8,1974764,1974764,26470171,24495407,24495407,1697582,22797825,10,0
26671204,258,8,1730062,1730062,26671204,24941142,24941142,1888420,23052722,26,0
27261223,302,4,1856539,1856539,27261223,25404684,25404684,3882928,21521756,11,0
27292765,408,4,2581022,2581022,27292765,24711743,24711743,3007230,21704513,22,0
27990246,403,8,2512305,2512305,27990246,25477941,25477941,2285139,23192802,13,0
28501138,91,4,766066,766066,28501138,27735072,27735072,4066377,23668695,28,0
28752226,216,4,1631050,1631050,28752226,27121176,27121176,3692544,23428632,25,0
28992847,293,8,1822860,1822860,28992847,27169987,27169987,1959376,25210611,18,0
29172490,231,4,1631618,1631618,29172490,27540872,27540872,3872230,23668642,26,0
29236784,377,16,2376839,2376839,29236784,26859945,26859945,1030882,25829063,7,0
29476397,383,4,2417375,2417375,29476397,27059022,27059022,3976103,23082919,44,0
29942502,130,4,857974,857974,29942502,29084528,29084528,4460081,24624447,13,0
31967872,244,2,1646496,1646496,31967872,30321376,30321376,10282698,20038678,42,0
32134276,342,4,2181484,2181484,32134276,29952792,29952792,4203012,25749780,28,0
32670263,396,4,2478572,2478572,32670263,30191691,30191691,4715402,25476289,25,0
32888255,37,4,686742,686742,32888255,32201513,32201513,4648901,27552612,31,0
33564751,96,4,766078,766078,33564751,32798673,32798673,5111195,27687478,34,0
34905684,168,4,1039080,1039080,34905684,33866604,33866604,5865900,28000704,23,0
35915543,323,8,1998746,1998746,35915543,33916797,33916797,3214661,30702136,13,0
36066401,405,8,2526558,2526558,36066401,33539843,33539843,2435982,31103861,11,0
36092399,639,4,2668201,2668201,36092399,33424198,33424198,4847854,28576344,52,0
36107349,22,16,400756,400756,36107349,35706593,35706593,1269666,34436927,12,0
36372673,25,8,401222,401222,36372673,35971451,35971451,2817446,33154005,18,0
36903079,173,8,1047390,1047390,36903079,35855689,35855689,3020902,32834787,9,0
36978204,399,16,2493450,2493450,36978204,34484754,34484754,1350616,33134138,9,0
37556276,7,8,318802,318802,37556276,37237474,37237474,3437211,33800263,15,0
38139902,0,4,0,0,38139902,38139902,38139902,6720840,31419062,26,0
40082542,106,4,817942,817942,40082542,39264600,39264600,7367835,31896765,21,0
40262457,180,8,1096082,1096082,40262457,39166375,39166375,3218138,35948237,11,0
40480152,148,8,965420,965420,40480152,39514732,39514732,3419853,36094879,25,0
40692623,150,8,995729,995729,40692623,39696894,39696894,3616777,36080117,20,0
41509593,190,8,1304037,1304037,41509593,40205556,40205556,4135277,36070279,8,0
41831102,222,4,1631085,1631085,41831102,40200017,40200017,6761534,33438483,26,0
42111469,284,4,1774804,1774804,42111469,40336665,40336665,7424539,32912126,21,0
42155535,332,4,2073301,2073301,42155535,40082234,40082234,6399543,33682691,32,0
42611530,381,8,2414713,2414713,42611530,40196817,40196817,3178269,37018548,13,0
43490972,422,8,2604284,2604284,43490972,40886688,40886688,4017201,36869487,16,0
43496858,425,8,2608106,2608106,43496858,40888752,40888752,3169809,37718943,13,0
43747564,424,16,2606750,2606750,43747564,41140814,41140814,1711193,39429621,13,0
44343956,245,2,1646501,1646501,44343956,42697455,42697455,14927798,27769657,28,0
44383414,21,16,400593,400593,44383414,43982821,43982821,2158786,41824035,15,0
45106861,102,4,782660,782660,45106861,44324201,44324201,7983990,36340211,23,0
45121470,147,4,965019,965019,45121470,44156451,44156451,7758294,36398157,16,0
45377410,163,4,1019109,1019109,45377410,44358301,44358301,7780477,36577824,17,0
45493222,105,4,817779,817779,45493222,44675443,44675443,8470859,36204584,21,0
45933505,145,8,964317,964317,45933505,44969188,44969188,4442056,40527132,13,0
46569000,93,4,766066,766066,46569000,45802934,45802934,9441120,36361814,25,0
46733059,208,16,1558015,1558015,46733059,45175044,45175044,2325818,42849226,10,0
47164842,184,8,1178856,1178856,47164842,45985986,45985986,4301158,41684828,15,0
47571212,185,8,1178858,1178858,47571212,46392354,46392354,4707526,41684828,15,0
47924243,299,8,1822961,1822961,47924243,46101282,46101282,4400877,41700405,20,0
48072839,300,8,1823022,1823022,48072839,46249817,46249817,4362729,41887088,13,0
48103794,309,8,1865433,1865433,48103794,46238361,46238361,4600312,41638049,17,0
48823733,318,8,1989178,1989178,48823733,46834555,46834555,4973674,41860881,19,0
49021836,282,4,1774802,1774802,49021836,47247034,47247034,8874936,38372098,24,0
50363522,349,16,2294598,2294598,50363522,48068924,48068924,3464085,44604839,14,0
51182758,416,4,2596880,2596880,51182758,48585878,48585878,8309400,40276478,27,0
51233828,8,8,319542,319542,51233828,50914286,50914286,4793924,46120362,16,0
52258824,379,8,2407884,2407884,52258824,49850940,49850940,5692021,44158919,17,0
54161463,11,16,323049,323049,54161463,53838414,53838414,5844722,47993692,8,0
55427401,16,16,394610,394610,55427401,55032791,55032791,6052640,48980151,8,0
55819366,13,16,324387,324387,55819366,55494979,55494979,6174342,49320637,8,0
57385507,9,8,319849,319849,57385507,57065658,57065658,10940552,46125106,18,0
57570248,15,16,394438,394438,57570248,57175810,57175810,7706762,49469048,10,0
58101092,36,4,686170,686170,58101092,57414922,57414922,10022074,47392848,26,0
58410002,94,4,766068,766068,58410002,57643934,57643934,9761889,47882045,41,0
59509226,29,4,504171,504171,59509226,59005055,59005055,13352064,45652991,21,0
59867600,17,16,394774,394774,59867600,59472826,59472826,8590190,50882636,8,0
60864505,98,4,766112,766112,60864505,60098393,60098393,10823397,49274996,44,0
61127872,28,8,401681,401681,61127872,60726191,60726191,8607473,52118718,11,0
63789170,95,4,766070,766070,63789170,63023100,63023100,14831893,48191207,36,0
64146478,27,8,401530,401530,64146478,63744948,63744948,11821307,51923641,13,0
64316189,107,4,820095,820095,64316189,63496094,63496094,14021504,49474590,35,0
66077053,108,4,820394,820394,66077053,65256659,65256659,15787430,49469229,20,0
66465665,19,8,395522,395522,66465665,66070143,66070143,17483522,48586621,18,0
66633872,99,4,766117,766117,66633872,65867755,65867755,16279897,49587858,26,0
70223467,125,8,857704,857704,70223467,69365763,69365763,10891169,58474594,17,0
70613972,134,8,869029,869029,70613972,69744943,69744943,9076980,60667963,20,0
76510843,26,8,401376,401376,76510843,76109467,76109467,26137663,49971804,12,0
79291579,166,4,1019195,1019195,79291579,78272384,78272384,18624048,59648336,18,0
81049879,139,8,962031,962031,81049879,80087848,80087848,15406220,64681628,18,0
81884161,178,8,1096057,1096057,81884161,80788104,80788104,5912297,74875807,16,0
82173234,103,4,783187,783187,82173234,81390047,81390047,31840151,49549896,24,0
87367690,136,4,948297,948297,87367690,86419393,86419393,27870424,58548969,24,0
88380352,167,4,1019219,1019219,88380352,87361133,87361133,18644685,68716448,18,0
88743917,110,4,820685,820685,88743917,87923232,87923232,37449297,50473935,37,0
89774820,129,8,857791,857791,89774820,88917029,88917029,28392262,60524767,17,0
89918251,12,8,324143,324143,89918251,89594108,89594108,44047627,45546481,12,0
90238871,149,8,965719,965719,90238871,89273152,89273152,18847280,70425872,25,0
92065732,191,8,1304039,1304039,92065732,90761693,90761693,6878598,83883095,10,0
92508533,187,8,1178860,1178860,92508533,91329673,91329673,7454984,83874689,20,0
93198731,194,4,1343095,1343095,93198731,91855636,91855636,16260968,75594668,24,0
95320991,20,8,395836,395836,95320991,94925155,94925155,44614058,50311097,14,0
97678837,192,8,1304040,1304040,97678837,96374797,96374797,12172306,84202491,12,0
97687699,182,8,1096114,1096114,97687699,96591585,96591585,15199256,81392329,14,0
99345211,113,4,842377,842377,99345211,98502834,98502834,48000525,50502309,22,0
108151945,23,16,400914,400914,108151945,107751031,107751031,55188587,52562444,17,0
112348105,183,8,1096116,1096116,112348105,111251989,111251989,28491555,82760434,16,0
114471801,3,4,178298,178298,114471801,114293503,114293503,72814604,41478899,35,0
115739640,209,4,1613397,1613397,115739640,114126243,114126243,19277672,94848571,27,0
117006997,109,4,820530,820530,117006997,116186467,116186467,65975316,50211151,21,0
118899990,5,4,313422,313422,118899990,118586568,118586568,77242644,41343924,28,0
124377193,217,4,1631051,1631051,124377193,122746142,122746142,23955602,98790540,36,0
130931016,253,2,1688640,1688640,130931016,129242376,129242376,31393029,97849347,25,0
136339852,207,16,1558001,1558001,136339852,134781851,134781851,21818421,112963430,14,0
137448555,206,16,1557984,1557984,137448555,135890571,135890571,31656478,104234093,12,0
137471274,237,8,1641723,1641723,137471274,135829551,135829551,4893469,130936082,12,0
142149420,6,8,318554,318554,142149420,141830866,141830866,96206445,45624421,15,0
147140657,242,2,1646329,1646329,147140657,145494328,145494328,48715766,96778562,46,0
149515913,248,8,1687837,1687837,149515913,147828076,147828076,16769117,131058959,17,0
149843225,239,8,1641757,1641757,149843225,148201468,148201468,17184000,131017468,13,0
151358566,201,4,1530230,1530230,151358566,149828336,149828336,69038295,80790041,35,0
151514481,203,16,1550385,1550385,151514481,149964096,149964096,56328258,93635838,7,0
158252959,10,16,320203,320203,158252959,157932756,157932756,109946618,47986138,19,0
160389922,298,8,1822924,1822924,160389922,158566998,158566998,14217323,144349675,22,0
161931064,295,8,1822869,1822869,161931064,160108195,160108195,15717448,144390747,12,0
166443090,234,8,1632724,1632724,166443090,164810366,164810366,36362033,128448333,24,0
167085973,322,8,1989246,1989246,167085973,165096727,165096727,10040155,155056572,15,0
167315592,316,4,1966130,1966130,167315592,165349462,165349462,20588011,144761451,25,0
168009267,14,8,330439,330439,168009267,167678828,167678828,122067462,45611366,18,0
168407533,197,8,1450073,1450073,168407533,166957460,166957460,80921890,86035570,18,0
168918664,276,4,1774474,1774474,168918664,167144190,167144190,29696729,137447461,28,0
171960872,330,4,2055825,2055825,171960872,169905047,169905047,14641110,155263937,28,0
173813822,254,2,1688643,1688643,173813822,172125179,172125179,61895184,110229995,27,0
174432304,236,8,1641711,1641711,174432304,172790593,172790593,42966982,129823611,13,0
174838794,350,16,2294607,2294607,174838794,172544187,172544187,6269665,166274522,9,0
175283478,204,16,1551062,1551062,175283478,173732416,173732416,78515583,95216833,7,0
175908179,1591,4,2712817,2712817,175908179,173195362,173195362,16288947,156906415,61,0
177471641,335,4,2116072,2116072,177471641,175355569,175355569,19470569,155885000,30,0
179299533,359,8,2320908,2320908,179299533,176978625,176978625,10387008,166591617,13,0
179925209,368,8,2334109,2334109,179925209,177591100,177591100,5670548,171920552,18,0
180669527,345,4,2292500,2292500,180669527,178377027,178377027,22650665,155726362,23,0
181022681,360,8,2320926,2320926,181022681,178701755,178701755,10913246,167788509,17,0
182134134,294,8,1822866,1822866,182134134,180311268,180311268,36050484,144260784,24,0
183970092,358,8,2320879,2320879,183970092,181649213,181649213,15065304,166583909,11,0
184141352,392,8,2459476,2459476,184141352,181681876,181681876,6895946,174785930,10,0
184685266,369,8,2334143,2334143,184685266,182351123,182351123,9804822,172546301,18,0
184717417,393,16,2477340,2477340,184717417,182240077,182240077,3603384,178636693,12,0
186627593,249,8,1687837,1687837,186627593,184939756,184939756,49267558,135672198,12,0
186905769,362,8,2320955,2320955,186905769,184584814,184584814,15087783,169497031,11,0
187229512,411,16,2594103,2594103,187229512,184635409,184635409,5560485,179074924,20,0
188188230,319,8,1989194,1989194,188188230,186199036,186199036,32682301,153516735,20,0
190715973,414,16,2594228,2594228,190715973,188121745,188121745,5697262,182424483,12,0
194106986,413,16,2594185,2594185,194106986,191512801,191512801,10048756,181464045,18,0
195328223,420,8,2602087,2602087,195328223,192726136,192726136,9711255,183014881,21,0
202659972,361,8,2320942,2320942,202659972,200339030,200339030,33310076,167028954,15,0
203751527,1288,8,2686540,2686540,203751527,201064987,201064987,15040191,186024796,44,0
205678699,308,8,1865430,1865430,205678699,203813269,203813269,52509753,151303516,16,0
213956418,357,8,2320868,2320868,213956418,211635550,211635550,48961199,162674351,27,0
216136936,427,8,2614804,2614804,216136936,213522132,213522132,27071423,186450709,17,0
217982166,324,8,1999327,1999327,217982166,215982839,215982839,56308568,159674271,15,0
218406784,329,4,2037560,2037560,218406784,216369224,216369224,70134821,146234403,25,0
229977920,370,8,2334145,2334145,229977920,227643775,227643775,54557089,173086686,19,0
230011243,418,8,2597518,2597518,230011243,227413725,227413725,48200346,179213379,17,0
243923599,325,8,1999460,1999460,243923599,241924139,241924139,81714721,160209418,16,0
245331512,412,16,2594117,2594117,245331512,242737395,242737395,61869235,180868160,13,0
257482790,127,8,857759,857759,257482790,256625031,256625031,198267159,58357872,18,0
274399325,179,8,1096070,1096070,274399325,273303255,273303255,197355070,75948185,13,0
748536513,250,8,1687855,1687855,748536513,746848658,746848658,603834605,143014053,14,0
