time,job_id,num_gpu,submit_time,start_time,end_time,executed_time,JCT,duration,pending_time,preempt,promote
951825,4,1,867308,867308,951825,84517,84517,84517,0,0,0
1012459,1,1,529666,529666,1012459,482793,482793,482793,0,0,0
1090042,9,1,979018,979018,1090042,111024,111024,111024,0,0,0
1093417,24,1,1089783,1089783,1093417,3634,3634,3634,0,0,0
1102503,30,1,1101566,1101566,1102503,937,937,937,0,0,0
1106380,18,1,1073402,1073402,1106380,32978,32978,32978,0,0,0
1122247,19,1,1073545,1073545,1122247,48702,48702,48702,0,0,0
1143713,17,1,1072689,1072689,1143713,71024,71024,71024,0,0,0
1155168,32,1,1106397,1106397,1155168,48771,48771,48771,0,0,0
1167564,33,1,1107097,1107097,1167564,60467,60467,60467,0,0,0
1169200,37,1,1114931,1114931,1169200,54269,54269,54269,0,0,0
1176523,15,1,1050596,1050596,1176523,125927,125927,125927,0,0,0
1197382,53,4,1187568,1187568,1197382,9814,9814,9814,0,0,0
1210124,49,1,1180328,1180328,1210124,29796,29796,29796,0,0,0
1210607,47,4,1153440,1153440,1210607,57167,57167,57167,0,0,0
1219322,13,4,1031456,1031456,1219322,187866,187866,187866,0,0,0
1220162,42,1,1144498,1144498,1220162,75664,75664,75664,0,0,0
1220533,22,1,1084436,1084436,1220533,136097,136097,136097,0,0,0
1222928,21,4,1077213,1077213,1222928,145715,145715,145715,0,0,0
1269632,16,4,1058360,1058360,1269632,211272,211272,211272,0,0,0
1293633,57,1,1248834,1248834,1293633,44799,44799,44799,0,0,0
1313632,45,4,1152314,1152314,1313632,161318,161318,161318,0,0,0
1320398,55,1,1199703,1199703,1320398,120695,120695,120695,0,0,0
1332717,28,4,1096370,1096370,1332717,236347,236347,236347,0,0,0
1363579,66,1,1361760,1361760,1363579,1819,1819,1819,0,0,0
1372687,62,8,1310461,1310461,1372687,62226,62226,62226,0,0,0
1373240,6,8,952842,952842,1373240,420398,420398,377697,42701,3,0
1373935,39,4,1120762,1120762,1373935,253173,253173,253173,0,0,0
1384583,40,1,1136572,1136572,1384583,248011,248011,248011,0,0,0
1394538,58,1,1249748,1249748,1394538,144790,144790,144790,0,0,0
1432330,41,1,1142769,1142769,1432330,289561,289561,289561,0,0,0
1438597,31,4,1103252,1103252,1438597,335345,335345,335345,0,0,0
1472845,72,1,1435450,1435450,1472845,37395,37395,37395,0,0,0
1505214,74,1,1478556,1478556,1505214,26658,26658,26658,0,0,0
1523659,70,4,1393054,1393054,1523659,130605,130605,130605,0,0,0
1541506,25,1,1089969,1089969,1541506,451537,451537,451537,0,0,0
1547764,12,1,989042,989042,1547764,558722,558722,558722,0,0,0
1595045,69,1,1390061,1390061,1595045,204984,204984,204984,0,0,0
1634450,48,1,1180064,1180064,1634450,454386,454386,454386,0,0,0
1706239,56,8,1204081,1204081,1706239,502158,502158,502158,0,0,0
1868887,64,8,1327382,1327382,1868887,541505,541505,541505,0,0,0
1933011,50,1,1180378,1180378,1933011,752633,752633,752633,0,0,0
1935090,54,1,1195879,1195879,1935090,739211,739211,739211,0,0,0
1940791,43,1,1144978,1144978,1940791,795813,795813,795813,0,0,0
1975599,52,4,1187489,1187489,1975599,788110,788110,788110,0,0,0
2040234,73,4,1443247,1443247,2040234,596987,596987,596987,0,0,0
2090721,2,1,544653,544653,2090721,1546068,1546068,1546068,0,0,0
2200700,8,1,958289,958289,2200700,1242411,1242411,1242411,0,0,0
2213842,20,4,1075378,1075378,2213842,1138464,1138464,1138464,0,0,0
2295786,86,8,2263787,2263787,2295786,31999,31999,31999,0,0,0
2364788,44,1,1145961,1145961,2364788,1218827,1218827,1218827,0,0,0
2400683,78,4,2179629,2179629,2400683,221054,221054,221054,0,0,0
2404019,51,4,1186735,1186735,2404019,1217284,1217284,1217284,0,0,0
2408636,65,1,1340977,1340977,2408636,1067659,1067659,1067659,0,0,0
2418633,97,1,2400817,2400817,2418633,17816,17816,17816,0,0,0
2443299,92,1,2356419,2356419,2443299,86880,86880,86880,0,0,0
2455391,101,4,2420412,2420412,2455391,34979,34979,34979,0,0,0
2506690,102,2,2420436,2420436,2506690,86254,86254,86254,0,0,0
2521203,116,1,2518484,2518484,2521203,2719,2719,2719,0,0,0
2529424,122,8,2528603,2528603,2529424,821,821,821,0,0,0
2530215,95,1,2384044,2384044,2530215,146171,146171,146171,0,0,0
2533778,117,4,2524337,2524337,2533778,9441,9441,9441,0,0,0
2540506,111,1,2458013,2458013,2540506,82493,82493,82493,0,0,0
2542692,124,1,2540332,2540332,2542692,2360,2360,2360,0,0,0
2549665,108,1,2448390,2448390,2549665,101275,101275,101275,0,0,0
2564879,89,8,2325554,2325554,2564879,239325,239325,239325,0,0,0
2570987,96,4,2386254,2386254,2570987,184733,184733,184733,0,0,0
2594490,126,8,2547588,2547588,2594490,46902,46902,46902,0,0,0
2613978,120,8,2526918,2526918,2613978,87060,87060,87060,0,0,0
2625256,125,4,2545394,2545394,2625256,79862,79862,79862,0,0,0
2649460,68,1,1379884,1379884,2649460,1269576,1269576,1269576,0,0,0
2653275,98,1,2401669,2401669,2653275,251606,251606,251606,0,0,0
2686129,90,8,2345868,2345868,2686129,340261,340261,340261,0,0,0
2695570,112,1,2460171,2460171,2695570,235399,235399,235399,0,0,0
2697733,137,1,2691652,2691652,2697733,6081,6081,6081,0,0,0
2707288,140,4,2705214,2705214,2707288,2074,2074,2074,0,0,0
2708094,141,4,2705640,2705640,2708094,2454,2454,2454,0,0,0
2708584,142,4,2706041,2706041,2708584,2543,2543,2543,0,0,0
2715403,132,8,2686574,2686574,2715403,28829,28829,28829,0,0,0
2722617,128,8,2673547,2673547,2722617,49070,49070,49070,0,0,0
2731193,107,1,2433983,2433983,2731193,297210,297210,297210,0,0,0
2763353,143,4,2719417,2719417,2763353,43936,43936,43936,0,0,0
2771509,144,1,2727066,2727066,2771509,44443,44443,44443,0,0,0
2792860,134,1,2688934,2688934,2792860,103926,103926,103926,0,0,0
2801173,133,1,2688754,2688754,2801173,112419,112419,112419,0,0,0
2830456,79,1,2185747,2185747,2830456,644709,644709,644709,0,0,0
2837917,135,8,2689764,2689764,2837917,148153,148153,148153,0,0,0
2866978,27,1,1095773,1095773,2866978,1771205,1771205,1771205,0,0,0
2877532,151,8,2867122,2867122,2877532,10410,10410,10410,0,0,0
2905901,67,4,1365241,1365241,2905901,1540660,1540660,1206461,334199,7,0
2942858,156,8,2938780,2938780,2942858,4078,4078,4078,0,0,0
3034118,105,1,2429268,2429268,3034118,604850,604850,604850,0,0,0
3038147,170,1,3031111,3031111,3038147,7036,7036,7036,0,0,0
3123057,171,1,3042765,3042765,3123057,80292,80292,80292,0,0,0
3132770,165,8,2990341,2990341,3132770,142429,142429,142429,0,0,0
3162456,104,1,2424054,2424054,3162456,738402,738402,738402,0,0,0
3165973,174,8,3076267,3076267,3165973,89706,89706,89706,0,0,0
3173997,159,8,2938781,2938781,3173997,235216,235216,192122,43094,1,0
3183765,168,4,3006478,3006478,3183765,177287,177287,177287,0,0,0
3206751,146,1,2767559,2767559,3206751,439192,439192,439192,0,0,0
3210605,177,1,3138319,3138319,3210605,72286,72286,72286,0,0,0
3211924,158,8,2938781,2938781,3211924,273143,273143,220281,52862,2,0
3272884,139,4,2704757,2704757,3272884,568127,568127,459086,109041,6,0
3293582,163,1,2988749,2988749,3293582,304833,304833,304833,0,0,0
3295501,161,8,2962850,2962850,3295501,332651,332651,243333,89318,5,0
3381772,181,8,3313283,3313283,3381772,68489,68489,68489,0,0,0
3390479,182,8,3377424,3377424,3390479,13055,13055,13055,0,0,0
3470238,193,8,3454881,3454881,3470238,15357,15357,15357,0,0,0
3477431,195,8,3467808,3467808,3477431,9623,9623,9623,0,0,0
3490491,194,8,3464951,3464951,3490491,25540,25540,25540,0,0,0
3516425,198,12,3487676,3487676,3516425,28749,28749,28749,0,0,0
3531959,199,12,3530979,3530979,3531959,980,980,980,0,0,0
3537604,190,8,3450215,3450215,3537604,87389,87389,87389,0,0,0
3555859,202,4,3553874,3553874,3555859,1985,1985,1985,0,0,0
3564522,205,4,3560875,3560875,3564522,3647,3647,3647,0,0,0
3565792,196,8,3482714,3482714,3565792,83078,83078,83078,0,0,0
3578464,208,8,3565592,3565592,3578464,12872,12872,12872,0,0,0
3627826,212,4,3624665,3624665,3627826,3161,3161,3161,0,0,0
3629500,207,4,3562898,3562898,3629500,66602,66602,66602,0,0,0
3645332,215,8,3637318,3637318,3645332,8014,8014,8014,0,0,0
3656203,219,12,3645097,3645097,3656203,11106,11106,11106,0,0,0
3673486,216,4,3642126,3642126,3673486,31360,31360,31360,0,0,0
3674333,225,12,3661863,3661863,3674333,12470,12470,12470,0,0,0
3675264,228,8,3664593,3664593,3675264,10671,10671,10671,0,0,0
3677310,214,4,3637192,3637192,3677310,40118,40118,40118,0,0,0
3678069,138,1,2692445,2692445,3678069,985624,985624,969274,16350,2,0
3723965,166,1,2992093,2992093,3723965,731872,731872,727412,4460,1,0
3763898,221,12,3647617,3647617,3763898,116281,116281,105500,10781,3,0
3769376,131,1,2678504,2678504,3769376,1090872,1090872,1024718,66154,3,0
3788208,222,12,3650858,3650858,3788208,137350,137350,127086,10264,2,0
3832618,204,4,3558503,3558503,3832618,274115,274115,267394,6721,2,0
3846757,197,4,3483851,3483851,3846757,362906,362906,352796,10110,1,0
3925198,232,1,3769582,3769582,3925198,155616,155616,155616,0,0,0
3945693,110,1,2457849,2457849,3945693,1487844,1487844,1412466,75378,1,0
3975429,235,4,3953644,3953644,3975429,21785,21785,21785,0,0,0
4050818,201,4,3539995,3539995,4050818,510823,510823,500713,10110,1,0
4090313,234,1,3938112,3938112,4090313,152201,152201,152201,0,0,0
4111845,203,4,3554098,3554098,4111845,557747,557747,547638,10109,1,0
4114772,238,1,4089918,4089918,4114772,24854,24854,24854,0,0,0
4180331,178,8,3306023,3306023,4180331,874308,874308,312076,562232,14,0
4189048,211,4,3622628,3622628,4189048,566420,566420,566420,0,0,0
4210458,237,4,4003675,4003675,4210458,206783,206783,206783,0,0,0
4219883,93,1,2372380,2372380,4219883,1847503,1847503,1772125,75378,1,0
4240994,243,16,4228045,4228045,4240994,12949,12949,12949,0,0,0
4248731,247,16,4246072,4246072,4248731,2659,2659,2659,0,0,0
4266219,244,2,4228905,4228905,4266219,37314,37314,37314,0,0,0
4298567,82,1,2188384,2188384,4298567,2110183,2110183,1995643,114540,4,0
4332196,251,1,4309819,4309819,4332196,22377,22377,22377,0,0,0
4349032,118,1,2525150,2525150,4349032,1823882,1823882,1755457,68425,3,0
4356265,119,1,2525825,2525825,4356265,1830440,1830440,1762015,68425,3,0
4405031,248,16,4247150,4247150,4405031,157881,157881,157881,0,0,0
4412471,103,4,2421752,2421752,4412471,1990719,1990719,668817,1321902,6,0
4515400,256,1,4514910,4514910,4515400,490,490,490,0,0,0
4536279,114,4,2483096,2483096,4536279,2053183,2053183,704714,1348469,13,0
4548731,147,1,2767624,2767624,4548731,1781107,1781107,1776647,4460,1,0
4559489,263,4,4556888,4556888,4559489,2601,2601,2601,0,0,0
4588742,233,8,3824855,3824855,4588742,763887,763887,378079,385808,9,0
4611970,266,4,4607019,4607019,4611970,4951,4951,4951,0,0,0
4679470,29,1,1100086,1100086,4679470,3579384,3579384,2804441,774943,5,0
4711929,277,1,4696688,4696688,4711929,15241,15241,15241,0,0,0
4720389,106,4,2431841,2431841,4720389,2288548,2288548,729203,1559345,11,0
4724519,269,8,4660945,4660945,4724519,63574,63574,63574,0,0,0
4757696,252,1,4327889,4327889,4757696,429807,429807,429807,0,0,0
4782947,283,1,4778917,4778917,4782947,4030,4030,4030,0,0,0
4783781,279,4,4706464,4706464,4783781,77317,77317,77317,0,0,0
4799793,275,1,4694398,4694398,4799793,105395,105395,105395,0,0,0
4800841,286,8,4783536,4783536,4800841,17305,17305,17305,0,0,0
4840833,280,1,4745547,4745547,4840833,95286,95286,95286,0,0,0
4870418,236,1,3990074,3990074,4870418,880344,880344,880344,0,0,0
4883134,291,1,4851075,4851075,4883134,32059,32059,32059,0,0,0
4896988,274,1,4692749,4692749,4896988,204239,204239,204239,0,0,0
4899911,296,4,4896280,4896280,4899911,3631,3631,3631,0,0,0
4916591,289,1,4849566,4849566,4916591,67025,67025,67025,0,0,0
4927998,272,8,4686079,4686079,4927998,241919,241919,241919,0,0,0
4928236,301,1,4915224,4915224,4928236,13012,13012,13012,0,0,0
4928736,268,4,4616555,4616555,4928736,312181,312181,312181,0,0,0
4929073,304,1,4927560,4927560,4929073,1513,1513,1513,0,0,0
4933240,299,1,4913626,4913626,4933240,19614,19614,19614,0,0,0
4933744,300,1,4913639,4913639,4933744,20105,20105,20105,0,0,0
4944448,305,1,4942835,4942835,4944448,1613,1613,1613,0,0,0
4965305,278,4,4698767,4698767,4965305,266538,266538,266538,0,0,0
4969205,303,4,4918505,4918505,4969205,50700,50700,50700,0,0,0
4969349,295,4,4881969,4881969,4969349,87380,87380,87380,0,0,0
4984651,239,1,4089940,4089940,4984651,894711,894711,894711,0,0,0
5005315,307,1,4990548,4990548,5005315,14767,14767,14767,0,0,0
5015948,257,1,4516507,4516507,5015948,499441,499441,499441,0,0,0
5021048,310,1,5017500,5017500,5021048,3548,3548,3548,0,0,0
5025278,150,8,2858573,2858573,5025278,2166705,2166705,366002,1800703,15,0
5032358,314,4,5024018,5024018,5032358,8340,8340,8340,0,0,0
5035115,287,8,4834158,4834158,5035115,200957,200957,200957,0,0,0
5035360,312,1,5021409,5021409,5035360,13951,13951,13951,0,0,0
5039410,315,4,5029961,5029961,5039410,9449,9449,9449,0,0,0
5120521,302,4,4918088,4918088,5120521,202433,202433,202433,0,0,0
5132159,320,8,5125890,5125890,5132159,6269,6269,6269,0,0,0
5134887,321,8,5127843,5127843,5134887,7044,7044,7044,0,0,0
5139386,318,1,5104091,5104091,5139386,35295,35295,35295,0,0,0
5139534,313,1,5021421,5021421,5139534,118113,118113,118113,0,0,0
5187560,323,1,5133066,5133066,5187560,54494,54494,54494,0,0,0
5197662,328,1,5194959,5194959,5197662,2703,2703,2703,0,0,0
5230759,91,1,2349195,2349195,5230759,2881564,2881564,2783308,98256,3,0
5248416,334,1,5212199,5212199,5248416,36217,36217,36217,0,0,0
5286147,336,4,5216969,5216969,5286147,69178,69178,69178,0,0,0
5286827,341,1,5284662,5284662,5286827,2165,2165,2165,0,0,0
5287225,339,8,5266263,5266263,5287225,20962,20962,20962,0,0,0
5319886,329,16,5196720,5196720,5319886,123166,123166,123166,0,0,0
5335201,343,1,5332292,5332292,5335201,2909,2909,2909,0,0,0
5348947,317,4,5053166,5053166,5348947,295781,295781,295781,0,0,0
5353794,347,1,5351683,5351683,5353794,2111,2111,2111,0,0,0
5360921,348,1,5352999,5352999,5360921,7922,7922,7922,0,0,0
5362058,338,1,5235301,5235301,5362058,126757,126757,126757,0,0,0
5408450,354,8,5377559,5377559,5408450,30891,30891,30891,0,0,0
5409618,346,4,5338840,5338840,5409618,70778,70778,70778,0,0,0
5414804,344,1,5333554,5333554,5414804,81250,81250,81250,0,0,0
5448823,316,1,5046818,5046818,5448823,402005,402005,402005,0,0,0
5479479,367,8,5470635,5470635,5479479,8844,8844,8844,0,0,0
5486228,353,2,5372333,5372333,5486228,113895,113895,113895,0,0,0
5489930,352,2,5369625,5369625,5489930,120305,120305,120305,0,0,0
5491874,372,8,5491286,5491286,5491874,588,588,588,0,0,0
5508760,366,8,5470326,5470326,5508760,38434,38434,38434,0,0,0
5513265,360,4,5459129,5459129,5513265,54136,54136,54136,0,0,0
5522433,297,1,4900365,4900365,5522433,622068,622068,602443,19625,1,0
5534532,363,4,5464868,5464868,5534532,69664,69664,69664,0,0,0
5540744,351,4,5358065,5358065,5540744,182679,182679,135763,46916,1,0
5559309,349,4,5356914,5356914,5559309,202395,202395,171909,30486,2,0
5560817,375,8,5548218,5548218,5560817,12599,12599,12599,0,0,0
5586401,371,8,5486854,5486854,5586401,99547,99547,99547,0,0,0
5610190,364,8,5467453,5467453,5610190,142737,142737,142737,0,0,0
5611611,376,8,5550094,5550094,5611611,61517,61517,61517,0,0,0
5618119,356,8,5397180,5397180,5618119,220939,220939,132293,88646,3,0
5633579,377,8,5561956,5561956,5633579,71623,71623,71623,0,0,0
5651501,273,1,4691767,4691767,5651501,959734,959734,958308,1426,1,0
5655622,368,8,5474303,5474303,5655622,181319,181319,181319,0,0,0
5668150,365,8,5468896,5468896,5668150,199254,199254,193712,5542,2,0
5694331,149,1,2849049,2849049,5694331,2845282,2845282,2657086,188196,3,0
5705241,265,1,4595624,4595624,5705241,1109617,1109617,1093478,16139,2,0
5709959,359,4,5457840,5457840,5709959,252119,252119,204319,47800,1,0
5718500,382,4,5717714,5717714,5718500,786,786,786,0,0,0
5756904,380,8,5699791,5699791,5756904,57113,57113,57113,0,0,0
5771576,384,1,5755315,5755315,5771576,16261,16261,16261,0,0,0
5782175,385,1,5780678,5780678,5782175,1497,1497,1497,0,0,0
5811440,394,4,5804529,5804529,5811440,6911,6911,6911,0,0,0
5826116,386,1,5782792,5782792,5826116,43324,43324,43324,0,0,0
5826234,389,8,5785250,5785250,5826234,40984,40984,40984,0,0,0
5860084,309,1,5012247,5012247,5860084,847837,847837,847837,0,0,0
5874728,402,1,5872128,5872128,5874728,2600,2600,2600,0,0,0
5874829,401,8,5816590,5816590,5874829,58239,58239,58239,0,0,0
5878907,404,8,5874031,5874031,5878907,4876,4876,4876,0,0,0
5888199,406,1,5885065,5885065,5888199,3134,3134,3134,0,0,0
5888202,407,8,5887099,5887099,5888202,1103,1103,1103,0,0,0
5913410,410,4,5890758,5890758,5913410,22652,22652,22652,0,0,0
5915457,408,8,5887161,5887161,5915457,28296,28296,28296,0,0,0
5940828,409,8,5889328,5889328,5940828,51500,51500,51500,0,0,0
6003752,332,1,5201555,5201555,6003752,802197,802197,802197,0,0,0
6011604,337,1,5217469,5217469,6011604,794135,794135,794135,0,0,0
6035126,413,8,5898738,5898738,6035126,136388,136388,136388,0,0,0
6038793,390,4,5785414,5785414,6038793,253379,253379,228008,25371,1,0
6042972,397,8,5812419,5812419,6042972,230553,230553,195512,35041,1,0
6064940,415,8,6054639,6054639,6064940,10301,10301,10301,0,0,0
6073054,421,8,6068003,6068003,6073054,5051,5051,5051,0,0,0
6088051,414,8,5958012,5958012,6088051,130039,130039,130039,0,0,0
6094351,420,8,6062279,6062279,6094351,32072,32072,32072,0,0,0
6106431,419,8,6061602,6061602,6106431,44829,44829,44829,0,0,0
6109453,411,8,5898603,5898603,6109453,210850,210850,210850,0,0,0
6116272,417,8,6056078,6056078,6116272,60194,60194,60194,0,0,0
6140622,426,4,6131327,6131327,6140622,9295,9295,9295,0,0,0
6149158,379,4,5698861,5698861,6149158,450297,450297,442197,8100,1,0
6149936,424,1,6126313,6126313,6149936,23623,23623,23623,0,0,0
6156663,388,8,5785041,5785041,6156663,371622,371622,248440,123182,10,0
6164933,325,1,5157183,5157183,6164933,1007750,1007750,1007750,0,0,0
6177678,428,1,6148087,6148087,6177678,29591,29591,29591,0,0,0
6186966,429,8,6185837,6185837,6186966,1129,1129,1129,0,0,0
6191119,423,1,6124938,6124938,6191119,66181,66181,66181,0,0,0
6266642,418,8,6061597,6061597,6266642,205045,205045,205045,0,0,0
6276755,335,1,5215424,5215424,6276755,1061331,1061331,941017,120314,1,0
6282358,433,4,6236698,6236698,6282358,45660,45660,45660,0,0,0
6296787,425,4,6130476,6130476,6296787,166311,166311,166311,0,0,0
6304268,369,8,5474305,5474305,6304268,829963,829963,299876,530087,6,0
6312279,427,1,6147931,6147931,6312279,164348,164348,164348,0,0,0
6320799,416,8,6056070,6056070,6320799,264729,264729,264729,0,0,0
6334200,438,8,6316385,6316385,6334200,17815,17815,17815,0,0,0
6342931,445,4,6341247,6341247,6342931,1684,1684,1684,0,0,0
6346264,432,8,6233737,6233737,6346264,112527,112527,112527,0,0,0
6375674,446,4,6345303,6345303,6375674,30371,30371,30371,0,0,0
6388114,403,4,5872159,5872159,6388114,515955,515955,515955,0,0,0
6411038,443,4,6327899,6327899,6411038,83139,83139,83139,0,0,0
6418042,451,4,6409673,6409673,6418042,8369,8369,8369,0,0,0
6461507,434,4,6238108,6238108,6461507,223399,223399,223399,0,0,0
6498645,457,1,6474063,6474063,6498645,24582,24582,24582,0,0,0
6499231,430,1,6230278,6230278,6499231,268953,268953,268953,0,0,0
6503330,454,1,6419573,6419573,6503330,83757,83757,83757,0,0,0
6509955,464,1,6488550,6488550,6509955,21405,21405,21405,0,0,0
6511105,465,1,6488653,6488653,6511105,22452,22452,22452,0,0,0
6553419,470,4,6546030,6546030,6553419,7389,7389,7389,0,0,0
6563545,448,4,6387509,6387509,6563545,176036,176036,176036,0,0,0
6567152,472,1,6559230,6559230,6567152,7922,7922,7922,0,0,0
6589332,458,1,6474664,6474664,6589332,114668,114668,114668,0,0,0
6590303,381,8,5700113,5700113,6590303,890190,890190,338847,551343,27,0
6601830,422,1,6103456,6103456,6601830,498374,498374,498374,0,0,0
6611425,431,1,6232123,6232123,6611425,379302,379302,379302,0,0,0
6625562,395,8,5806561,5806561,6625562,819001,819001,352153,466848,19,0
6629471,440,4,6322999,6322999,6629471,306472,306472,306472,0,0,0
6686966,469,1,6541011,6541011,6686966,145955,145955,145955,0,0,0
6689768,449,1,6391919,6391919,6689768,297849,297849,297849,0,0,0
6705492,477,8,6703517,6703517,6705492,1975,1975,1975,0,0,0
6711333,437,1,6308507,6308507,6711333,402826,402826,402826,0,0,0
6729754,281,1,4749913,4749913,6729754,1979841,1979841,1928770,51071,6,0
6752908,480,1,6749858,6749858,6752908,3050,3050,3050,0,0,0
6794546,476,8,6672374,6672374,6794546,122172,122172,122172,0,0,0
6805099,447,1,6380720,6380720,6805099,424379,424379,424379,0,0,0
6815840,482,1,6778004,6778004,6815840,37836,37836,37836,0,0,0
6829408,467,4,6493247,6493247,6829408,336161,336161,336161,0,0,0
6855963,484,8,6785740,6785740,6855963,70223,70223,70223,0,0,0
6891544,483,4,6784754,6784754,6891544,106790,106790,106790,0,0,0
6975661,439,1,6321350,6321350,6975661,654311,654311,654311,0,0,0
7029478,459,1,6475974,6475974,7029478,553504,553504,553504,0,0,0
7064464,490,1,7017443,7017443,7064464,47021,47021,47021,0,0,0
7072711,387,8,5784874,5784874,7072711,1287837,1287837,385408,902429,32,0
7077828,123,8,2530186,2530186,7077828,4547642,4547642,391753,4155889,5,0
7099322,487,8,6998734,6998734,7099322,100588,100588,100588,0,0,0
7107833,496,4,7098167,7098167,7107833,9666,9666,9666,0,0,0
7134017,504,8,7128137,7128137,7134017,5880,5880,5880,0,0,0
7137380,500,8,7104745,7104745,7137380,32635,32635,32635,0,0,0
7164289,489,8,7010272,7010272,7164289,154017,154017,154017,0,0,0
7173946,453,1,6415860,6415860,7173946,758086,758086,758086,0,0,0
7197880,511,8,7191414,7191414,7197880,6466,6466,6466,0,0,0
7202928,505,8,7160619,7160619,7202928,42309,42309,42309,0,0,0
7230649,513,8,7194785,7194785,7230649,35864,35864,35864,0,0,0
7249749,495,8,7097017,7097017,7249749,152732,152732,142866,9866,1,0
7262936,452,1,6411863,6411863,7262936,851073,851073,851073,0,0,0
7312068,510,8,7190653,7190653,7312068,121415,121415,121415,0,0,0
7351491,512,8,7194203,7194203,7351491,157288,157288,157288,0,0,0
7393727,520,1,7271808,7271808,7393727,121919,121919,121919,0,0,0
7400943,491,1,7023179,7023179,7400943,377764,377764,377764,0,0,0
7412202,524,1,7408625,7408625,7412202,3577,3577,3577,0,0,0
7453077,525,1,7427452,7427452,7453077,25625,25625,25625,0,0,0
7498497,527,1,7446524,7446524,7498497,51973,51973,51973,0,0,0
7541941,532,1,7520636,7520636,7541941,21305,21305,21305,0,0,0
7545349,531,8,7517254,7517254,7545349,28095,28095,28095,0,0,0
7547167,450,1,6401430,6401430,7547167,1145737,1145737,1145737,0,0,0
7549524,529,1,7514372,7514372,7549524,35152,35152,35152,0,0,0
7581250,530,8,7517187,7517187,7581250,64063,64063,64063,0,0,0
7603306,550,8,7595890,7595890,7603306,7416,7416,7416,0,0,0
7607466,552,8,7599705,7599705,7607466,7761,7761,7761,0,0,0
7610989,534,8,7523706,7523706,7610989,87283,87283,87283,0,0,0
7613316,553,1,7600154,7600154,7613316,13162,13162,13162,0,0,0
7616127,556,4,7608136,7608136,7616127,7991,7991,7991,0,0,0
7624221,541,8,7541941,7541941,7624221,82280,82280,82280,0,0,0
7625815,551,8,7598812,7598812,7625815,27003,27003,27003,0,0,0
7626618,560,1,7619839,7619839,7626618,6779,6779,6779,0,0,0
7627222,561,1,7626042,7626042,7627222,1180,1180,1180,0,0,0
7666981,548,8,7591371,7591371,7666981,75610,75610,75610,0,0,0
7667422,562,1,7628693,7628693,7667422,38729,38729,38729,0,0,0
7689884,569,8,7687957,7687957,7689884,1927,1927,1927,0,0,0
7692005,568,1,7687870,7687870,7692005,4135,4135,4135,0,0,0
7704405,575,1,7697854,7697854,7704405,6551,6551,6551,0,0,0
7705665,570,4,7688300,7688300,7705665,17365,17365,17365,0,0,0
7707978,535,8,7523773,7523773,7707978,184205,184205,172310,11895,3,0
7710476,571,1,7688333,7688333,7710476,22143,22143,22143,0,0,0
7710660,542,8,7542531,7542531,7710660,168129,168129,168129,0,0,0
7713664,567,1,7682152,7682152,7713664,31512,31512,31512,0,0,0
7714341,577,1,7702326,7702326,7714341,12015,12015,12015,0,0,0
7731577,565,8,7645200,7645200,7731577,86377,86377,86377,0,0,0
7734373,544,8,7548447,7548447,7734373,185926,185926,185926,0,0,0
7741514,574,4,7695377,7695377,7741514,46137,46137,46137,0,0,0
7775611,576,1,7697946,7697946,7775611,77665,77665,77665,0,0,0
7844469,543,1,7543287,7543287,7844469,301182,301182,301182,0,0,0
7881524,517,1,7242677,7242677,7881524,638847,638847,638847,0,0,0
7886466,546,8,7551221,7551221,7886466,335245,335245,283397,51848,3,0
7948563,583,1,7900744,7900744,7948563,47819,47819,47819,0,0,0
8006676,582,8,7885365,7885365,8006676,121311,121311,121311,0,0,0
8010280,540,1,7541656,7541656,8010280,468624,468624,468624,0,0,0
8015417,584,4,7901431,7901431,8015417,113986,113986,113986,0,0,0
8080369,515,8,7202683,7202683,8080369,877686,877686,369541,508145,5,0
8158350,537,8,7528170,7528170,8158350,630180,630180,385630,244550,9,0
8187366,581,8,7829692,7829692,8187366,357674,357674,357674,0,0,0
8209815,444,1,6340602,6340602,8209815,1869213,1869213,1862082,7131,2,0
8258672,231,1,3747586,3747586,8258672,4511086,4511086,3019373,1491713,6,0
8317692,539,1,7541228,7541228,8317692,776464,776464,776464,0,0,0
8325629,255,1,4443394,4443394,8325629,3882235,3882235,2787326,1094909,13,0
8342609,597,1,8329871,8329871,8342609,12738,12738,12738,0,0,0
8364364,538,1,7529550,7529550,8364364,834814,834814,834814,0,0,0
8393273,603,8,8392789,8392789,8393273,484,484,484,0,0,0
8429206,599,1,8379854,8379854,8429206,49352,49352,49352,0,0,0
8438215,391,4,5787522,5787522,8438215,2650693,2650693,774595,1876098,12,0
8443400,604,1,8405347,8405347,8443400,38053,38053,38053,0,0,0
8458325,600,1,8380506,8380506,8458325,77819,77819,77819,0,0,0
8492082,466,1,6491765,6491765,8492082,2000317,2000317,1997067,3250,1,0
8594775,605,4,8410160,8410160,8594775,184615,184615,184615,0,0,0
8610941,598,1,8353651,8353651,8610941,257290,257290,257290,0,0,0
8614523,601,1,8382882,8382882,8614523,231641,231641,231641,0,0,0
8718792,502,8,7116140,7116140,8718792,1602652,1602652,487717,1114935,8,0
8742675,602,4,8384038,8384038,8742675,358637,358637,358637,0,0,0
8749973,157,8,2938781,2938781,8749973,5811192,5811192,397651,5413541,18,0
8769793,579,1,7803416,7803416,8769793,966377,966377,966377,0,0,0
8786686,509,1,7185927,7185927,8786686,1600759,1600759,1600759,0,0,0
8828775,130,8,2676098,2676098,8828775,6152677,6152677,434681,5717996,19,0
8898854,592,1,8266924,8266924,8898854,631930,631930,631930,0,0,0
8909834,461,1,6479102,6479102,8909834,2430732,2430732,2425286,5446,1,0
8968119,473,4,6564079,6564079,8968119,2404040,2404040,843098,1560942,5,0
8981056,187,8,3393887,3393887,8981056,5587169,5587169,410578,5176591,15,0
9091494,499,1,7104606,7104606,9091494,1986888,1986888,1986888,0,0,0
9101733,547,1,7585094,7585094,9101733,1516639,1516639,1516639,0,0,0
9133032,71,1,1405309,1405309,9133032,7727723,7727723,3287314,4440409,20,0
9167780,563,1,7633907,7633907,9167780,1533873,1533873,1533873,0,0,0
9168869,479,1,6724293,6724293,9168869,2444576,2444576,2444576,0,0,0
9199161,478,1,6724034,6724034,9199161,2475127,2475127,2475127,0,0,0
9205616,167,4,3003379,3003379,9205616,6202237,6202237,830241,5371996,25,0
9279182,285,8,4783435,4783435,9279182,4495747,4495747,484649,4011098,2,0
9296435,564,1,7638108,7638108,9296435,1658327,1658327,1658327,0,0,0
9320259,262,1,4549268,4549268,9320259,4770991,4770991,3404230,1366761,17,0
9357583,578,8,7721072,7721072,9357583,1636511,1636511,465623,1170888,8,0
9439827,298,1,4911375,4911375,9439827,4528452,4528452,3507315,1021137,17,0
9478505,83,4,2189933,2189933,9478505,7288572,7288572,912876,6375696,15,0
9481934,200,8,3538763,3538763,9481934,5943171,5943171,437544,5505627,12,0
9507144,186,8,3393855,3393855,9507144,6113289,6113289,462649,5650640,16,0
9741180,240,1,4146281,4146281,9741180,5594899,5594899,3766350,1828549,14,0
9780834,442,1,6327189,6327189,9780834,3453645,3453645,3422505,31140,4,0
9844697,606,1,8468723,8468723,9844697,1375974,1375974,1375974,0,0,0
9930747,36,1,1113881,1113881,9930747,8816866,8816866,3731238,5085628,28,0
10013000,345,4,5338631,5338631,10013000,4674369,4674369,992909,3681460,24,0
10141044,155,8,2937251,2937251,10141044,7203793,7203793,593565,6610228,15,0
10206098,350,1,5357352,5357352,10206098,4848746,4848746,3806798,1041948,23,0
10259288,596,1,8326045,8326045,10259288,1933243,1933243,1933243,0,0,0
10271323,183,8,3379086,3379086,10271323,6892237,6892237,499579,6392658,19,0
10275529,497,8,7099113,7099113,10275529,3176416,3176416,490744,2685672,14,0
10295436,585,1,7940007,7940007,10295436,2355429,2355429,2355429,0,0,0
10322262,492,8,7028250,7028250,10322262,3294012,3294012,516901,2777111,15,0
10363845,507,8,7165042,7165042,10363845,3198803,3198803,532618,2666185,16,0
10504286,308,4,4999520,4999520,10504286,5504766,5504766,1144224,4360542,26,0
10545351,460,4,6478625,6478625,10545351,4066726,4066726,1053384,3013342,12,0
10614502,593,8,8289729,8289729,10614502,2324773,2324773,580458,1744315,2,0
10626400,264,1,4589100,4589100,10626400,6037300,6037300,4207843,1829457,22,0
10780643,462,8,6479691,6479691,10780643,4300952,4300952,682863,3618089,7,0
10984479,545,8,7548452,7548452,10984479,3436027,3436027,734956,2701071,12,0
11077949,516,8,7220783,7220783,11077949,3857166,3857166,632476,3224690,8,0
11090903,162,8,2963058,2963058,11090903,8127845,8127845,563703,7564142,24,0
11104583,259,16,4518394,4518394,11104583,6586189,6586189,292966,6293223,8,0
11182097,572,8,7691404,7691404,11182097,3490693,3490693,624098,2866595,8,0
11334977,160,8,2946146,2946146,11334977,8388831,8388831,711867,7676964,23,0
11443432,294,8,4864276,4864276,11443432,6579156,6579156,687179,5891977,5,0
11617081,121,1,2527787,2527787,11617081,9089294,9089294,4869597,4219697,33,0
11766372,192,8,3454389,3454389,11766372,8311983,8311983,744488,7567495,16,0
11770403,292,1,4852036,4852036,11770403,6918367,6918367,4908558,2009809,25,0
11806103,245,16,4234179,4234179,11806103,7571924,7571924,337311,7234613,12,0
11934520,501,8,7112059,7112059,11934520,4822461,4822461,754726,4067735,16,0
12047180,536,8,7523981,7523981,12047180,4523199,4523199,739951,3783248,17,0
12055762,378,8,5561987,5561987,12055762,6493775,6493775,670080,5823695,30,0
12062108,481,4,6759246,6759246,12062108,5302862,5302862,1330031,3972831,20,0
12131773,218,4,3644909,3644909,12131773,8486864,8486864,1386296,7100568,20,0
12285501,115,1,2505773,2505773,12285501,9779728,9779728,5537551,4242177,29,0
12313464,340,1,5267094,5267094,12313464,7046370,7046370,5362135,1684235,28,0
12360965,99,4,2413831,2413831,12360965,9947134,9947134,1437711,8509423,30,0
12410529,94,1,2372471,2372471,12410529,10038058,10038058,5640864,4397194,34,0
12423876,587,8,8197942,8197942,12423876,4225934,4225934,711204,3514730,7,0
12534761,393,8,5799499,5799499,12534761,6735262,6735262,822208,5913054,35,0
12787623,441,1,6326709,6326709,12787623,6460914,6460914,5832987,627927,8,0
13021525,271,1,4663795,4663795,13021525,8357730,8357730,6155034,2202696,34,0
13353706,488,8,6999467,6999467,13353706,6354239,6354239,1066750,5287489,18,0
13516184,223,8,3652733,3652733,13516184,9863451,9863451,914644,8948807,18,0
13531615,398,8,5814285,5814285,13531615,7717330,7717330,774493,6942837,30,0
13539330,526,8,7427595,7427595,13539330,6111735,6111735,761305,5350430,17,0
13828988,23,1,1085480,1085480,13828988,12743508,12743508,6500045,6243463,35,0
14052655,506,8,7164988,7164988,14052655,6887667,6887667,989568,5898099,12,0
14211853,267,8,4613412,4613412,14211853,9598441,9598441,986384,8612057,16,0
14446395,88,1,2306427,2306427,14446395,12139968,12139968,6872692,5267276,40,0
14482255,290,8,4849998,4849998,14482255,9632257,9632257,877264,8754993,9,0
14497830,494,4,7089661,7089661,14497830,7408169,7408169,1801340,5606829,23,0
14648500,331,4,5199972,5199972,14648500,9448528,9448528,1952496,7496032,34,0
14722626,172,4,3043709,3043709,14722626,11678917,11678917,2015882,9663035,33,0
14850966,246,4,4238332,4238332,14850966,10612634,10612634,2031163,8581471,28,0
14922570,405,4,5876963,5876963,14922570,9045607,9045607,2028203,7017404,18,0
14955060,392,8,5795416,5795416,14955060,9159644,9159644,1024261,8135383,35,0
14979340,80,1,2185747,2185747,14979340,12793593,12793593,7369877,5423716,38,0
15076010,326,4,5163431,5163431,15076010,9912579,9912579,2109899,7802680,29,0
15204739,250,1,4308962,4308962,15204739,10895777,10895777,7650383,3245394,24,0
15250212,100,8,2419308,2419308,15250212,12830904,12830904,1102072,11728832,15,0
15360335,293,1,4859990,4859990,15360335,10500345,10500345,7670656,2829689,27,0
15369378,26,1,1094073,1094073,15369378,14275305,14275305,7785207,6490098,39,0
15380283,557,8,7616124,7616124,15380283,7764159,7764159,1084351,6679808,13,0
15427845,549,1,7594399,7594399,15427845,7833446,7833446,7833446,0,0,0
15439202,164,8,2989676,2989676,15439202,12449526,12449526,1107380,11342146,19,0
15528128,188,8,3395133,3395133,15528128,12132995,12132995,1194826,10938169,22,0
15571805,463,8,6484248,6484248,15571805,9087557,9087557,1117660,7969897,7,0
15611478,533,8,7523341,7523341,15611478,8088137,8088137,1116059,6972078,18,0
15616535,586,4,8196217,8196217,15616535,7420318,7420318,2196512,5223806,12,0
15732020,109,4,2454375,2454375,15732020,13277645,13277645,2394263,10883382,34,0
15998669,81,1,2186525,2186525,15998669,13812144,13812144,8385055,5427089,41,0
16074329,306,4,4946355,4946355,16074329,11127974,11127974,2301233,8826741,43,0
16160689,324,4,5140087,5140087,16160689,11020602,11020602,2394980,8625622,30,0
16255481,580,1,7824152,7824152,16255481,8431329,8431329,8431329,0,0,0
16376812,595,8,8314224,8314224,16376812,8062588,8062588,1259259,6803329,9,0
16672978,261,8,4522788,4522788,16672978,12150190,12150190,1477901,10672289,20,0
17318477,522,1,7343175,7343175,17318477,9975302,9975302,9662498,312804,1,0
17434847,230,1,3726236,3726236,17434847,13708611,13708611,9831363,3877248,18,0
17824686,38,8,1119434,1119434,17824686,16705252,16705252,1616273,15088979,1,0
17911420,7,8,958154,958154,17911420,16953266,16953266,1394624,15558642,7,0
18106506,46,4,1152599,1152599,18106506,16953907,16953907,2811873,14142034,12,0
18140191,75,4,1484152,1484152,18140191,16656039,16656039,2834034,13822005,19,0
18148850,173,4,3057806,3057806,18148850,15091044,15091044,2746848,12344196,41,0
18183979,412,8,5898641,5898641,18183979,12285338,12285338,1405736,10879602,23,0
18754330,573,8,7691652,7691652,18754330,11062678,11062678,1891211,9171467,15,0
19064646,276,1,4695492,4695492,19064646,14369154,14369154,11358337,3010817,29,0
19359961,241,24,4165841,4165841,19359961,15194120,15194120,772381,14421739,3,0
19410389,35,4,1112151,1112151,19410389,18298238,18298238,3236043,15062195,10,0
19614885,210,4,3571221,3571221,19614885,16043664,16043664,3095075,12948589,33,0
19889489,154,8,2935568,2935568,19889489,16953921,16953921,1939461,15014460,31,0
20030575,288,8,4838657,4838657,20030575,15191918,15191918,1605014,13586904,14,0
20038654,471,4,6548628,6548628,20038654,13490026,13490026,3155948,10334078,27,0
20059409,253,4,4337452,4337452,20059409,15721957,15721957,3499080,12222877,22,0
20178291,519,8,7266127,7266127,20178291,12912164,12912164,1652920,11259244,15,0
21011614,180,8,3308438,3308438,21011614,17703176,17703176,2583796,15119380,30,0
21489005,59,1,1299228,1299228,21489005,20189777,20189777,13748420,6441357,35,0
21883567,76,8,2070363,2070363,21883567,19813204,19813204,2269254,17543950,9,0
22386659,554,1,7602350,7602350,22386659,14784309,14784309,14058218,726091,3,0
22955479,558,1,7616834,7616834,22955479,15338645,15338645,14612554,726091,3,0
23371909,113,1,2461677,2461677,23371909,20910232,20910232,15794948,5115284,34,0
23407471,3,1,863276,863276,23407471,22544195,22544195,15691694,6852501,29,0
23537479,566,8,7645485,7645485,23537479,15891994,15891994,2307459,13584535,23,0
24659418,555,1,7602583,7602583,24659418,17056835,17056835,16330744,726091,3,0
25044488,330,16,5197473,5197473,25044488,19847015,19847015,1540043,18306972,10,0
25398120,311,1,5021361,5021361,25398120,20376759,20376759,17363214,3013545,29,0
25796421,559,8,7617363,7617363,25796421,18179058,18179058,2709562,15469496,18,0
25884837,370,8,5486851,5486851,25884837,20397986,20397986,2681653,17716333,26,0
26098479,523,8,7364259,7364259,26098479,18734220,18734220,2673990,16060230,17,0
26191169,84,8,2234906,2234906,26191169,23956263,23956263,3659966,20296297,17,0
27563000,153,8,2935048,2935048,27563000,24627952,24627952,4149700,20478252,41,0
27696394,224,8,3654787,3654787,27696394,24041607,24041607,2818214,21223393,21,0
28000789,226,24,3664223,3664223,28000789,24336566,24336566,1345713,22990853,16,0
28028836,333,8,5201802,5201802,28028836,22827034,22827034,2728326,20098708,26,0
28264423,260,16,4518482,4518482,28264423,23745941,23745941,1736617,22009324,17,0
28540857,14,1,1043900,1043900,28540857,27496957,27496957,20994430,6502527,32,0
29122599,282,8,4752652,4752652,29122599,24369947,24369947,3850666,20519281,18,0
29232109,475,8,6668830,6668830,29232109,22563279,22563279,2831064,19732215,14,0
29424695,456,8,6421001,6421001,29424695,23003694,23003694,3042441,19961253,22,0
29844424,493,8,7028288,7028288,29844424,22816136,22816136,3333889,19482247,26,0
30029153,498,1,7103825,7103825,30029153,22925328,22925328,21583928,1341400,4,0
30548016,361,4,5464688,5464688,30548016,25083328,25083328,7728916,17354412,43,0
30728260,77,8,2071562,2071562,30728260,28656698,28656698,4326249,24330449,16,0
30811017,87,8,2276724,2276724,30811017,28534293,28534293,3916810,24617483,19,0
30812444,34,1,1107278,1107278,30812444,29705166,29705166,23084346,6620820,35,0
31015315,63,8,1318317,1318317,31015315,29696998,29696998,4776922,24920076,11,0
31848877,85,8,2261332,2261332,31848877,29587545,29587545,5439658,24147887,22,0
31968713,189,8,3403020,3403020,31968713,28565693,28565693,4755410,23810283,19,0
32402878,270,8,4661020,4661020,32402878,27741858,27741858,4274390,23467468,17,0
33628158,258,16,4518011,4518011,33628158,29110147,29110147,3524582,25585565,17,0
34036291,485,8,6845806,6845806,34036291,27190485,27190485,4036366,23154119,20,0
34157608,468,1,6517605,6517605,34157608,27640003,27640003,25740429,1899574,8,0
34388733,486,8,6909349,6909349,34388733,27479384,27479384,4390288,23089096,22,0
34481610,435,8,6305825,6305825,34481610,28175785,28175785,4517740,23658045,21,0
34743815,514,8,7200070,7200070,34743815,27543745,27543745,4648517,22895228,24,0
34916888,521,8,7287720,7287720,34916888,27629168,27629168,4325056,23304112,22,0
35012797,528,8,7468047,7468047,35012797,27544750,27544750,4308761,23235989,27,0
36499721,5,1,941115,941115,36499721,35558606,35558606,28780626,6777980,35,0
36837214,0,8,0,0,36837214,36837214,36837214,6959399,29877815,10,0
37362902,152,8,2878943,2878943,37362902,34483959,34483959,6048151,28435808,30,0
38333983,179,8,3306205,3306205,38333983,35027778,35027778,6857123,28170655,44,0
39145486,185,8,3390865,3390865,39145486,35754621,35754621,7057776,28696845,28,0
40654364,145,8,2766420,2766420,40654364,37887944,37887944,10901318,26986626,37,0
40680720,176,8,3078706,3078706,40680720,37602014,37602014,8975566,28626448,33,0
41298612,229,1,3667172,3667172,41298612,37631440,37631440,33531697,4099743,24,0
41884992,11,8,986834,986834,41884992,40898158,40898158,12139698,28758460,9,0
42177648,220,8,3645357,3645357,42177648,38532291,38532291,5813052,32719239,33,0
43313300,191,8,3452940,3452940,43313300,39860360,39860360,10984376,28875984,27,0
44761874,148,8,2781038,2781038,44761874,41980836,41980836,14927802,27053034,34,0
45056936,129,8,2673762,2673762,45056936,42383174,42383174,15266604,27116570,26,0
46246392,227,16,3664224,3664224,46246392,42582168,42582168,5392499,37189669,19,0
46697348,175,8,3076956,3076956,46697348,43620392,43620392,15069078,28551314,35,0
46932783,136,8,2691194,2691194,46932783,44241589,44241589,17461331,26780258,34,0
47376253,322,8,5128013,5128013,47376253,42248240,42248240,5731672,36516568,22,0
48753879,184,8,3390807,3390807,48753879,45363072,45363072,16997212,28365860,34,0
49901469,342,8,5288829,5288829,49901469,44612640,44612640,7572697,37039943,28,0
50228055,169,2,3028591,3028591,50228055,47199464,47199464,35139668,12059796,35,0
50262195,284,8,4780741,4780741,50262195,45481454,45481454,10957990,34523464,23,0
51830135,327,8,5185671,5185671,51830135,46644464,46644464,9953958,36690506,23,0
53363401,319,8,5114493,5114493,53363401,48248908,48248908,12165366,36083542,19,0
55161446,362,8,5464712,5464712,55161446,49696734,49696734,9789100,39907634,32,0
55453559,358,8,5432421,5432421,55453559,50021138,50021138,10443834,39577304,35,0
56001650,373,8,5491371,5491371,56001650,50510279,50510279,8910119,41600160,30,0
57993641,399,8,5814442,5814442,57993641,52179199,52179199,6779835,45399364,35,0
59432997,400,8,5816343,5816343,59432997,53616654,53616654,6233943,47382711,39,0
60498115,127,8,2636166,2636166,60498115,57861949,57861949,30707678,27154271,25,0
60742011,396,8,5806808,5806808,60742011,54935203,54935203,10108303,44826900,41,0
61171320,474,8,6582989,6582989,61171320,54588331,54588331,5308054,49280277,17,0
61743944,213,8,3636960,3636960,61743944,58106984,58106984,26507068,31599916,34,0
62025815,503,8,7121170,7121170,62025815,54904645,54904645,5584714,49319931,26,0
62149556,455,8,6420062,6420062,62149556,55729494,55729494,6446624,49282870,21,0
62540827,374,8,5493640,5493640,62540827,57047187,57047187,13915271,43131916,34,0
63983211,518,8,7255287,7255287,63983211,56727924,56727924,6760080,49967844,21,0
66847350,254,1,4432197,4432197,66847350,62415153,62415153,58946258,3468895,26,0
66991155,249,16,4255432,4255432,66991155,62735723,62735723,24524452,38211271,17,0
67424155,588,8,8203785,8203785,67424155,59220370,59220370,11075591,48144779,16,0
68482864,594,8,8292128,8292128,68482864,60190736,60190736,6936087,53254649,14,0
68702665,508,8,7165050,7165050,68702665,61537615,61537615,11686154,49851461,26,0
69319322,242,1,4168770,4168770,69319322,65150552,65150552,61455928,3694624,19,0
69401693,357,4,5407157,5407157,69401693,63994536,63994536,37660806,26333730,51,0
70149822,590,8,8214192,8214192,70149822,61935630,61935630,11713428,50222202,16,0
70633561,355,8,5379891,5379891,70633561,65253670,65253670,26868019,38385651,33,0
71053609,591,8,8234674,8234674,71053609,62818935,62818935,9501911,53317024,17,0
73714552,436,8,6305860,6305860,73714552,67408692,67408692,19071083,48337609,19,0
84702638,60,8,1300285,1300285,84702638,83402353,83402353,54722470,28679883,9,0
86308522,206,8,3561243,3561243,86308522,82747279,82747279,53015541,29731738,28,0
89188898,589,8,8204657,8204657,89188898,80984241,80984241,32353600,48630641,16,0
96397245,383,8,5721051,5721051,96397245,90676194,90676194,46010696,44665498,53,0
130689902,217,8,3642956,3642956,130689902,127046946,127046946,95421788,31625158,24,0
136698866,209,8,3566468,3566468,136698866,133132398,133132398,102987382,30145016,29,0
156854549,61,8,1307069,1307069,156854549,155547480,155547480,127562871,27984609,10,0
354253818,10,8,984210,984210,354253818,353269608,353269608,324509304,28760304,9,0
