time,job_id,num_gpu,submit_time,start_time,end_time,executed_time,JCT,duration,pending_time,preempt,promote
287957,4,1,256418,256418,287957,31539,31539,31539,0,0,0
291767,2,1,251674,251674,291767,40093,40093,40093,0,0,0
314735,8,1,258886,258886,314735,55849,55849,55849,0,0,0
322266,18,4,274530,274530,322266,47736,47736,47736,0,0,0
323621,7,1,258863,258863,323621,64758,64758,64758,0,0,0
340950,24,1,328412,328412,340950,12538,12538,12538,0,0,0
370895,11,1,259600,259600,370895,111295,111295,111295,0,0,0
378921,13,1,262503,262503,378921,116418,116418,116418,0,0,0
381592,22,1,310067,310067,381592,71525,71525,71525,0,0,0
423645,30,1,409827,409827,423645,13818,13818,13818,0,0,0
427463,21,1,309095,309095,427463,118368,118368,118368,0,0,0
434937,9,1,258888,258888,434937,176049,176049,176049,0,0,0
435612,25,1,328414,328414,435612,107198,107198,107198,0,0,0
461937,15,1,262523,262523,461937,199414,199414,199414,0,0,0
507107,33,2,445554,445554,507107,61553,61553,61553,0,0,0
526225,32,4,438136,438136,526225,88089,88089,88089,0,0,0
611761,38,1,571052,571052,611761,40709,40709,40709,0,0,0
681498,41,2,595709,595709,681498,85789,85789,85789,0,0,0
768308,31,4,420889,420889,768308,347419,347419,347419,0,0,0
785065,37,1,559930,559930,785065,225135,225135,225135,0,0,0
898683,42,1,667980,667980,898683,230703,230703,230703,0,0,0
1015055,28,1,396126,396126,1015055,618929,618929,618929,0,0,0
1029525,47,1,977077,977077,1029525,52448,52448,52448,0,0,0
1057527,12,1,259609,259609,1057527,797918,797918,797918,0,0,0
1078190,29,1,409806,409806,1078190,668384,668384,668384,0,0,0
1090799,57,4,1089801,1089801,1090799,998,998,998,0,0,0
1091516,58,4,1090064,1090064,1091516,1452,1452,1452,0,0,0
1099193,53,1,1085610,1085610,1099193,13583,13583,13583,0,0,0
1099261,55,1,1088036,1088036,1099261,11225,11225,11225,0,0,0
1125316,64,4,1122645,1122645,1125316,2671,2671,2671,0,0,0
1146205,63,4,1122645,1122645,1146205,23560,23560,23560,0,0,0
1163074,66,1,1148547,1148547,1163074,14527,14527,14527,0,0,0
1181518,49,1,1070705,1070705,1181518,110813,110813,110813,0,0,0
1184080,56,1,1088037,1088037,1184080,96043,96043,96043,0,0,0
1186580,60,4,1094822,1094822,1186580,91758,91758,91758,0,0,0
1214088,54,1,1085610,1085610,1214088,128478,128478,128478,0,0,0
1274174,36,1,552756,552756,1274174,721418,721418,721418,0,0,0
1298973,1,4,219316,219316,1298973,1079657,1079657,1079657,0,0,0
1304507,72,1,1184265,1184265,1304507,120242,120242,120242,0,0,0
1308950,16,4,268877,268877,1308950,1040073,1040073,1040073,0,0,0
1314625,74,1,1196788,1196788,1314625,117837,117837,117837,0,0,0
1320324,71,1,1184261,1184261,1320324,136063,136063,136063,0,0,0
1398513,20,1,308826,308826,1398513,1089687,1089687,1089687,0,0,0
1422899,86,4,1322235,1322235,1422899,100664,100664,100664,0,0,0
1433897,59,4,1090067,1090067,1433897,343830,343830,343830,0,0,0
1469048,65,1,1148546,1148546,1469048,320502,320502,320502,0,0,0
1485472,92,1,1362333,1362333,1485472,123139,123139,123139,0,0,0
1581042,79,1,1282384,1282384,1581042,298658,298658,298658,0,0,0
1589969,83,1,1307455,1307455,1589969,282514,282514,282514,0,0,0
1600196,17,4,273432,273432,1600196,1326764,1326764,1326764,0,0,0
1601152,73,1,1196785,1196785,1601152,404367,404367,404367,0,0,0
1609683,91,1,1362294,1362294,1609683,247389,247389,247389,0,0,0
1679614,111,1,1667778,1667778,1679614,11836,11836,11831,5,1,0
1690549,105,4,1631317,1631317,1690549,59232,59232,56366,2866,1,0
1723795,101,1,1610864,1610864,1723795,112931,112931,112931,0,0,0
1726639,117,1,1696457,1696457,1726639,30182,30182,14951,15231,2,0
1750536,112,1,1667783,1667783,1750536,82753,82753,70301,12452,4,0
1774225,104,1,1630997,1630997,1774225,143228,143228,106717,36511,5,0
1778300,124,4,1777206,1777206,1778300,1094,1094,1094,0,0,0
1789373,3,1,251699,251699,1789373,1537674,1537674,1537674,0,0,0
1825158,126,1,1784253,1784253,1825158,40905,40905,9367,31538,2,0
1863776,102,1,1610875,1610875,1863776,252901,252901,247210,5691,3,0
1880770,14,1,262517,262517,1880770,1618253,1618253,1618253,0,0,0
1881378,125,1,1784253,1784253,1881378,97125,97125,93280,3845,2,0
1887613,128,1,1820628,1820628,1887613,66985,66985,66985,0,0,0
1889923,106,4,1631322,1631322,1889923,258601,258601,80669,177932,9,0
1911840,133,1,1904139,1904139,1911840,7701,7701,7701,0,0,0
1944241,5,1,256458,256458,1944241,1687783,1687783,1687783,0,0,0
1958324,135,1,1905356,1905356,1958324,52968,52968,37488,15480,6,0
1999200,52,1,1070743,1070743,1999200,928457,928457,928457,0,0,0
2007444,137,1,1907471,1907471,2007444,99973,99973,70403,29570,1,0
2036842,119,1,1716607,1716607,2036842,320235,320235,315404,4831,3,0
2067621,87,1,1322761,1322761,2067621,744860,744860,744860,0,0,0
2068982,132,1,1904135,1904135,2068982,164847,164847,159145,5702,4,0
2131004,118,1,1696457,1696457,2131004,434547,434547,412164,22383,5,0
2140876,67,1,1151950,1151950,2140876,988926,988926,988926,0,0,0
2144563,10,1,259585,259585,2144563,1884978,1884978,1884978,0,0,0
2149777,159,1,2042879,2042879,2149777,106898,106898,12414,94484,1,0
2164758,174,1,2161425,2161425,2164758,3333,3333,3333,0,0,0
2164772,170,1,2161107,2161107,2164772,3665,3665,3665,0,0,0
2186268,154,1,2041886,2041886,2186268,144382,144382,124105,20277,4,0
2196862,157,1,2042575,2042575,2196862,154287,154287,65443,88844,2,0
2205866,70,4,1179128,1179128,2205866,1026738,1026738,1026738,0,0,0
2209462,107,4,1647890,1647890,2209462,561572,561572,20218,541354,2,0
2213491,45,4,693196,693196,2213491,1520295,1520295,1520295,0,0,0
2242982,108,4,1651211,1651211,2242982,591771,591771,35930,555841,1,0
2245422,161,1,2059479,2059479,2245422,185943,185943,66354,119589,1,0
2271833,160,1,2042954,2042954,2271833,228879,228879,118282,110597,3,0
2286140,153,1,2041865,2041865,2286140,244275,244275,225891,18384,5,0
2301421,164,1,2062114,2062114,2301421,239307,239307,52907,186400,3,0
2320442,163,1,2062114,2062114,2320442,258328,258328,73684,184644,3,0
2329938,146,1,2013046,2013046,2329938,316892,316892,293181,23711,6,0
2366482,169,1,2161106,2161106,2366482,205376,205376,105661,99715,6,0
2378599,162,1,2059484,2059484,2378599,319115,319115,182235,136880,4,0
2396576,171,1,2161132,2161132,2396576,235444,235444,135648,99796,6,0
2414578,77,1,1281443,1281443,2414578,1133135,1133135,1133135,0,0,0
2466934,78,1,1281444,1281444,2466934,1185490,1185490,1185490,0,0,0
2499867,186,1,2247257,2247257,2499867,252610,252610,175225,77385,4,0
2503974,51,1,1070742,1070742,2503974,1433232,1433232,1433232,0,0,0
2512314,100,4,1571742,1571742,2512314,940572,940572,932595,7977,3,0
2585331,188,1,2247322,2247322,2585331,338009,338009,221499,116510,3,0
2594423,176,1,2161666,2161666,2594423,432757,432757,291212,141545,3,0
2596877,200,1,2360615,2360615,2596877,236262,236262,124005,112257,5,0
2599562,223,1,2548010,2548010,2599562,51552,51552,16354,35198,2,0
2648341,110,1,1664218,1664218,2648341,984123,984123,959118,25005,10,0
2659006,99,1,1571375,1571375,2659006,1087631,1087631,1082355,5276,4,0
2673964,226,1,2561761,2561761,2673964,112203,112203,79192,33011,2,0
2678737,191,1,2258973,2258973,2678737,419764,419764,265616,154148,3,0
2687595,6,1,256459,256459,2687595,2431136,2431136,2431136,0,0,0
2732041,76,4,1222004,1222004,2732041,1510037,1510037,1510037,0,0,0
2748756,224,1,2551437,2551437,2748756,197319,197319,159123,38196,2,0
2771889,148,1,2017175,2017175,2771889,754714,754714,716602,38112,6,0
2774930,216,1,2391840,2391840,2774930,383090,383090,269494,113596,6,0
2791052,103,1,1630983,1630983,2791052,1160069,1160069,1151513,8556,6,0
2816097,243,1,2738675,2738675,2816097,77422,77422,69447,7975,4,0
2847602,158,1,2042593,2042593,2847602,805009,805009,699368,105641,5,0
2850986,263,1,2824613,2824613,2850986,26373,26373,11647,14726,4,0
2859821,266,1,2831461,2831461,2859821,28360,28360,16035,12325,1,0
2873057,225,1,2551448,2551448,2873057,321609,321609,277071,44538,4,0
2916452,23,1,310087,310087,2916452,2606365,2606365,2606365,0,0,0
2918653,227,1,2561775,2561775,2918653,356878,356878,271425,85453,4,0
2934000,27,4,368092,368092,2934000,2565908,2565908,2565908,0,0,0
2951223,280,1,2931823,2931823,2951223,19400,19400,19400,0,0,0
2953224,237,1,2711038,2711038,2953224,242186,242186,211711,30475,4,0
2983042,246,1,2738836,2738836,2983042,244206,244206,202812,41394,9,0
2994484,291,1,2989075,2989075,2994484,5409,5409,5409,0,0,0
3001628,175,1,2161666,2161666,3001628,839962,839962,716793,123169,3,0
3006968,173,1,2161425,2161425,3006968,845543,845543,729279,116264,5,0
3019297,120,1,1716609,1716609,3019297,1302688,1302688,1284455,18233,9,0
3020766,290,1,2989074,2989074,3020766,31692,31692,28270,3422,2,0
3049438,98,1,1571362,1571362,3049438,1478076,1478076,1476057,2019,3,0
3052191,241,1,2737914,2737914,3052191,314277,314277,304783,9494,7,0
3069647,248,1,2758116,2758116,3069647,311531,311531,279831,31700,10,0
3073186,147,1,2017157,2017157,3073186,1056029,1056029,1031251,24778,7,0
3075352,50,1,1070705,1070705,3075352,2004647,2004647,2004647,0,0,0
3079406,277,1,2905861,2905861,3079406,173545,173545,156255,17290,7,0
3096634,315,1,3079751,3079751,3096634,16883,16883,14033,2850,2,0
3109942,312,1,3072212,3072212,3109942,37730,37730,28719,9011,4,0
3116438,318,1,3084936,3084936,3116438,31502,31502,19561,11941,3,0
3118418,261,1,2821972,2821972,3118418,296446,296446,278507,17939,6,0
3124490,321,1,3092021,3092021,3124490,32469,32469,14584,17885,2,0
3126185,109,1,1664217,1664217,3126185,1461968,1461968,1445086,16882,9,0
3145299,247,2,2755141,2755141,3145299,390158,390158,96700,293458,11,0
3169103,43,1,667990,667990,3169103,2501113,2501113,2501113,0,0,0
3174469,145,1,2013026,2013026,3174469,1161443,1161443,1139099,22344,7,0
3199648,268,1,2831570,2831570,3199648,368078,368078,310759,57319,8,0
3244246,323,1,3107496,3107496,3244246,136750,136750,129727,7023,3,0
3304346,316,1,3079802,3079802,3304346,224544,224544,207221,17323,4,0
3312439,93,4,1388103,1388103,3312439,1924336,1924336,1921573,2763,1,0
3336285,281,1,2931840,2931840,3336285,404445,404445,393982,10463,4,0
3375992,328,1,3360917,3360917,3375992,15075,15075,15075,0,0,0
3384384,131,2,1847078,1847078,3384384,1537306,1537306,1472498,64808,12,0
3394368,274,2,2885501,2885501,3394368,508867,508867,324765,184102,11,0
3413713,96,4,1565365,1565365,3413713,1848348,1848348,1842965,5383,2,0
3430220,222,1,2546184,2546184,3430220,884036,884036,854773,29263,8,0
3446834,62,4,1122029,1122029,3446834,2324805,2324805,2324805,0,0,0
3452589,189,1,2247429,2247429,3452589,1205160,1205160,1073237,131923,4,0
3468915,338,1,3427084,3427084,3468915,41831,41831,41506,325,1,0
3473555,187,1,2247257,2247257,3473555,1226298,1226298,1138610,87688,5,0
3481903,134,1,1905347,1905347,3481903,1576556,1576556,1556533,20023,9,0
3483383,116,4,1695296,1695296,3483383,1788087,1788087,59735,1728352,4,0
3494355,336,1,3422723,3422723,3494355,71632,71632,71632,0,0,0
3500431,244,1,2738683,2738683,3500431,761748,761748,737712,24036,10,0
3551359,337,1,3427083,3427083,3551359,124276,124276,124275,1,1,0
3556224,348,1,3507742,3507742,3556224,48482,48482,32510,15972,6,0
3576268,89,4,1330834,1330834,3576268,2245434,2245434,2242693,2741,1,0
3580274,353,1,3531413,3531413,3580274,48861,48861,12486,36375,2,0
3580731,356,1,3546896,3546896,3580731,33835,33835,11663,22172,1,0
3581163,122,4,1722100,1722100,3581163,1859063,1859063,100862,1758201,1,0
3601353,347,2,3507025,3507025,3601353,94328,94328,28470,65858,4,0
3613008,363,1,3562905,3562905,3613008,50103,50103,9306,40797,1,0
3614415,372,1,3601029,3601029,3614415,13386,13386,7912,5474,1,0
3614997,339,1,3427409,3427409,3614997,187588,187588,187588,0,0,0
3621193,346,1,3484764,3484764,3621193,136429,136429,125252,11177,5,0
3635347,68,2,1173713,1173713,3635347,2461634,2461634,2461634,0,0,0
3637157,385,1,3629107,3629107,3637157,8050,8050,8050,0,1,0
3664236,362,1,3562846,3562846,3664236,101390,101390,67260,34130,6,0
3675289,34,1,499454,499454,3675289,3175835,3175835,3175835,0,0,0
3686692,84,1,1307455,1307455,3686692,2379237,2379237,2379237,0,0,0
3713861,375,1,3603702,3603702,3713861,110159,110159,70540,39619,6,0
3734344,136,1,1907469,1907469,3734344,1826875,1826875,1793075,33800,13,0
3741817,39,2,580807,580807,3741817,3161010,3161010,3161010,0,0,0
3747365,365,1,3568059,3568059,3747365,179306,179306,128996,50310,7,0
3762729,380,1,3622365,3622365,3762729,140364,140364,47402,92962,4,0
3765299,97,2,1566328,1566328,3765299,2198971,2198971,2193609,5362,2,0
3767207,394,1,3673999,3673999,3767207,93208,93208,11678,81530,1,0
3773982,395,1,3682946,3682946,3773982,91036,91036,15883,75153,1,0
3780061,378,1,3606503,3606503,3780061,173558,173558,81573,91985,4,0
3783829,404,1,3738571,3738571,3783829,45258,45258,9604,35654,1,0
3788341,401,1,3699860,3699860,3788341,88481,88481,17532,70949,2,0
3796077,351,1,3516818,3516818,3796077,279259,279259,231060,48199,4,0
3802632,409,1,3767699,3767699,3802632,34933,34933,8318,26615,1,0
3805776,377,1,3606502,3606502,3805776,199274,199274,116720,82554,5,0
3830596,349,1,3512167,3512167,3830596,318429,318429,290249,28180,8,0
3831802,221,1,2545511,2545511,3831802,1286291,1286291,1258804,27487,7,0
3845114,245,1,2738836,2738836,3845114,1106278,1106278,1070326,35952,8,0
3853437,85,4,1319234,1319234,3853437,2534203,2534203,2534203,0,0,0
3873183,376,1,3603725,3603725,3873183,269458,269458,202055,67403,6,0
3893991,172,1,2161132,2161132,3893991,1732859,1732859,1624801,108058,7,0
3895017,364,1,3563086,3563086,3895017,331931,331931,281417,50514,5,0
3911331,369,1,3583917,3583917,3911331,327414,327414,290638,36776,7,0
3929894,398,1,3698209,3698209,3929894,231685,231685,156944,74741,6,0
3950853,190,1,2248491,2248491,3950853,1702362,1702362,1558206,144156,2,0
3957918,88,1,1322761,1322761,3957918,2635157,2635157,2633893,1264,1,0
3969989,217,1,2495057,2495057,3969989,1474932,1474932,1456207,18725,7,0
3988091,393,1,3672278,3672278,3988091,315813,315813,240732,75081,5,0
3989494,114,4,1687106,1687106,3989494,2302388,2302388,756238,1546150,4,0
3995715,426,1,3957067,3957067,3995715,38648,38648,13421,25227,1,0
4022618,421,1,3939287,3939287,4022618,83331,83331,72524,10807,4,0
4028685,411,1,3792131,3792131,4028685,236554,236554,227958,8596,3,0
4044160,408,1,3767636,3767636,4044160,276524,276524,248341,28183,4,0
4081169,95,2,1422424,1422424,4081169,2658745,2658745,2655258,3487,2,0
4084412,123,4,1777206,1777206,4084412,2307206,2307206,234469,2072737,2,0
4092257,424,1,3948643,3948643,4092257,143614,143614,123031,20583,4,0
4110269,267,1,2831484,2831484,4110269,1278785,1278785,1234618,44167,8,0
4119358,451,1,4104147,4104147,4119358,15211,15211,15211,0,0,0
4126562,449,1,4087783,4087783,4126562,38779,38779,38779,0,0,0
4135084,294,1,2998774,2998774,4135084,1136310,1136310,1107688,28622,8,0
4166849,437,1,3999556,3999556,4166849,167293,167293,126092,41201,9,0
4168529,381,1,3623885,3623885,4168529,544644,544644,436150,108494,3,0
4173462,457,1,4117804,4117804,4173462,55658,55658,41364,14294,4,0
4205447,470,1,4177968,4177968,4205447,27479,27479,9587,17892,1,0
4213807,425,1,3948683,3948683,4213807,265124,265124,237660,27464,4,0
4248043,264,1,2824613,2824613,4248043,1423430,1423430,1399908,23522,3,0
4248414,423,1,3948161,3948161,4248414,300253,300253,290748,9505,5,0
4248567,422,1,3948161,3948161,4248567,300406,300406,291809,8597,4,0
4255425,454,1,4106578,4106578,4255425,148847,148847,128472,20375,5,0
4259167,476,1,4214060,4214060,4259167,45107,45107,17800,27307,1,0
4272478,480,1,4264552,4264552,4272478,7926,7926,7926,0,0,0
4272752,219,2,2528662,2528662,4272752,1744090,1744090,1400084,344006,15,0
4289186,311,1,3072212,3072212,4289186,1216974,1216974,1210039,6935,4,0
4296237,484,1,4278531,4278531,4296237,17706,17706,8310,9396,1,0
4348909,475,1,4197102,4197102,4348909,151807,151807,121247,30560,7,0
4363754,490,1,4297167,4297167,4363754,66587,66587,9834,56753,2,0
4368659,433,2,3982856,3982856,4368659,385803,385803,378791,7012,3,0
4374824,420,1,3939267,3939267,4374824,435557,435557,427402,8155,4,0
4402163,487,1,4287928,4287928,4402163,114235,114235,43253,70982,6,0
4409731,453,1,4106572,4106572,4409731,303159,303159,284711,18448,6,0
4423506,483,1,4277992,4277992,4423506,145514,145514,120798,24716,12,0
4428445,435,1,3982911,3982911,4428445,445534,445534,433093,12441,5,0
4432694,482,1,4277990,4277990,4432694,154704,154704,141954,12750,8,0
4433019,220,1,2545486,2545486,4433019,1887533,1887533,1871637,15896,6,0
4434968,434,1,3982911,3982911,4434968,452057,452057,449232,2825,1,0
4451174,496,1,4318309,4318309,4451174,132865,132865,61607,71258,8,0
4453311,359,1,3550979,3550979,4453311,902332,902332,872371,29961,4,0
4455834,456,1,4117802,4117802,4455834,338032,338032,321989,16043,5,0
4464021,507,1,4364435,4364435,4464021,99586,99586,36813,62773,3,0
4471006,26,4,365624,365624,4471006,4105382,4105382,4105382,0,0,0
4477956,361,1,3559452,3559452,4477956,918504,918504,894178,24326,5,0
4484568,515,1,4383498,4383498,4484568,101070,101070,45333,55737,3,0
4487979,442,1,4033191,4033191,4487979,454788,454788,407926,46862,4,0
4494088,491,1,4301044,4301044,4494088,193044,193044,122135,70909,8,0
4494739,474,1,4195860,4195860,4494739,298879,298879,281538,17341,7,0
4520582,441,1,4029438,4029438,4520582,491144,491144,471977,19167,6,0
4558057,502,1,4351510,4351510,4558057,206547,206547,144539,62008,2,0
4604669,534,1,4442913,4442913,4604669,161756,161756,113469,48287,6,0
4607026,500,1,4345678,4345678,4607026,261348,261348,203528,57820,4,0
4607885,262,1,2821972,2821972,4607885,1785913,1785913,1764672,21241,6,0
4639519,506,1,4364435,4364435,4639519,275084,275084,214919,60165,4,0
4642184,551,1,4575469,4575469,4642184,66715,66715,7518,59197,1,0
4642347,509,1,4364903,4364903,4642347,277444,277444,203425,74019,4,0
4649162,523,1,4399695,4399695,4649162,249467,249467,197699,51768,2,0
4654381,80,1,1282399,1282399,4654381,3371982,3371982,3371982,0,0,0
4683969,561,1,4673853,4673853,4683969,10116,10116,10115,1,1,0
4698061,526,1,4408517,4408517,4698061,289544,289544,238411,51133,2,0
4698075,469,1,4177967,4177967,4698075,520108,520108,504771,15337,5,0
4704867,516,1,4383498,4383498,4704867,321369,321369,258064,63305,2,0
4727034,540,1,4546987,4546987,4727034,180047,180047,158749,21298,4,0
4729917,569,1,4725078,4725078,4729917,4839,4839,4839,0,0,0
4731402,568,1,4725074,4725074,4731402,6328,6328,6328,0,0,0
4737022,565,1,4716661,4716661,4737022,20361,20361,9932,10429,2,0
4751129,550,1,4575469,4575469,4751129,175660,175660,131254,44406,7,0
4757967,539,1,4546987,4546987,4757967,210980,210980,192092,18888,3,0
4764952,113,4,1687101,1687101,4764952,3077851,3077851,2546450,531401,4,0
4769140,570,1,4725115,4725115,4769140,44025,44025,17552,26473,3,0
4769980,436,1,3986839,3986839,4769980,783141,783141,755028,28113,10,0
4770379,597,1,4765923,4765923,4770379,4456,4456,4456,0,0,0
4791601,373,1,3601042,3601042,4791601,1190559,1190559,1165741,24818,6,0
4795524,578,1,4734943,4734943,4795524,60581,60581,29354,31227,2,0
4798149,603,1,4797574,4797574,4798149,575,575,575,0,0,0
4817075,613,4,4816325,4816325,4817075,750,750,750,0,0,0
4828416,617,4,4827614,4827614,4828416,802,802,802,0,0,0
4840802,330,1,3363744,3363744,4840802,1477058,1477058,1474764,2294,1,0
4851968,443,1,4033191,4033191,4851968,818777,818777,767273,51504,5,0
4859329,358,1,3550915,3550915,4859329,1308414,1308414,1282643,25771,3,0
4861928,459,1,4120741,4120741,4861928,741187,741187,721357,19830,5,0
4867848,458,1,4120739,4120739,4867848,747109,747109,732624,14485,5,0
4869049,592,1,4757441,4757441,4869049,111608,111608,42803,68805,10,0
4890993,571,1,4725728,4725728,4890993,165265,165265,136504,28761,4,0
4892281,636,1,4891412,4891412,4892281,869,869,869,0,0,0
4914390,562,1,4673854,4673854,4914390,240536,240536,210643,29893,10,0
4921375,374,1,3601773,3601773,4921375,1319602,1319602,1285942,33660,9,0
4924577,598,1,4766517,4766517,4924577,158060,158060,55276,102784,7,0
4925871,629,1,4878738,4878738,4925871,47133,47133,8494,38639,1,0
4926520,399,1,3698209,3698209,4926520,1228311,1228311,1148572,79739,6,0
4934049,599,1,4767247,4767247,4934049,166802,166802,54342,112460,5,0
4940811,567,1,4717366,4717366,4940811,223445,223445,189649,33796,6,0
4941087,633,1,4887117,4887117,4941087,53970,53970,7476,46494,1,0
4945399,557,1,4615073,4615073,4945399,330326,330326,295402,34924,11,0
4946713,656,4,4945241,4945241,4946713,1472,1472,1472,0,0,0
4950380,634,1,4887894,4887894,4950380,62486,62486,8809,53677,3,0
4966596,574,1,4727850,4727850,4966596,238746,238746,189680,49066,11,0
4981282,593,1,4757441,4757441,4981282,223841,223841,132280,91561,7,0
4991975,293,1,2998773,2998773,4991975,1993202,1993202,1969737,23465,8,0
4998277,669,1,4993986,4993986,4998277,4291,4291,4291,0,0,0
5003156,548,1,4569354,4569354,5003156,433802,433802,383863,49939,8,0
5004915,671,1,5002448,5002448,5004915,2467,2467,2467,0,0,0
5008070,631,1,4884984,4884984,5008070,123086,123086,69938,53148,8,0
5017297,601,1,4773262,4773262,5017297,244035,244035,117724,126311,9,0
5019889,589,1,4756325,4756325,5019889,263564,263564,220345,43219,10,0
5032860,650,1,4941906,4941906,5032860,90954,90954,21976,68978,2,0
5045435,652,1,4943145,4943145,5045435,102290,102290,20726,81564,4,0
5054765,614,1,4820618,4820618,5054765,234147,234147,128156,105991,7,0
5059812,576,1,4732988,4732988,5059812,326824,326824,278348,48476,14,0
5063745,615,1,4820620,4820620,5063745,243125,243125,129007,114118,8,0
5074363,632,1,4885620,4885620,5074363,188743,188743,123937,64806,7,0
5080774,660,1,4959394,4959394,5080774,121380,121380,39690,81690,2,0
5090802,637,1,4894407,4894407,5090802,196395,196395,133140,63255,6,0
5094807,545,1,4568455,4568455,5094807,526352,526352,511253,15099,4,0
5106245,672,1,5006402,5006402,5106245,99843,99843,13763,86080,1,0
5167970,555,1,4594662,4594662,5167970,573308,573308,519584,53724,9,0
5176211,588,1,4756323,4756323,5176211,419888,419888,391366,28522,12,0
5180680,674,1,5008474,5008474,5180680,172206,172206,19910,152296,1,0
5183183,214,2,2361910,2361910,5183183,2821273,2821273,2536607,284666,8,0
5190995,685,1,5069252,5069252,5190995,121743,121743,15012,106731,1,0
5198186,651,1,4943145,4943145,5198186,255041,255041,170493,84548,8,0
5198387,527,1,4408520,4408520,5198387,789867,789867,727627,62240,2,0
5203554,697,4,5202078,5202078,5203554,1476,1476,1476,0,0,0
5237765,702,1,5212571,5212571,5237765,25194,25194,14899,10295,3,0
5241031,127,1,1819146,1819146,5241031,3421885,3421885,3408109,13776,6,0
5245461,703,1,5212571,5212571,5245461,32890,32890,14896,17994,1,0
5279105,486,1,4287927,4287927,5279105,991178,991178,945664,45514,9,0
5286422,640,1,4905375,4905375,5286422,381047,381047,318109,62938,7,0
5293120,452,1,4104148,4104148,5293120,1188972,1188972,1176691,12281,5,0
5295897,285,2,2974036,2974036,5295897,2321861,2321861,2154814,167047,1,0
5304360,715,4,5302207,5302207,5304360,2153,2153,2153,0,0,0
5308165,713,1,5300019,5300019,5308165,8146,8146,8146,0,0,0
5312226,668,1,4993975,4993975,5312226,318251,318251,221142,97109,7,0
5337036,716,1,5308693,5308693,5337036,28343,28343,16547,11796,4,0
5343166,350,1,3516797,3516797,5343166,1826369,1826369,1791830,34539,7,0
5347173,392,1,3672278,3672278,5347173,1674895,1674895,1603677,71218,3,0
5355098,680,1,5028815,5028815,5355098,326283,326283,173892,152391,4,0
5356599,721,1,5317388,5317388,5356599,39211,39211,16626,22585,1,0
5382801,591,1,4757441,4757441,5382801,625360,625360,557817,67543,11,0
5390519,724,1,5326083,5326083,5390519,64436,64436,14918,49518,1,0
5394997,639,1,4905368,4905368,5394997,489629,489629,434029,55600,8,0
5402369,696,1,5142942,5142942,5402369,259427,259427,186323,73104,7,0
5423618,546,1,4568459,4568459,5423618,855159,855159,830480,24679,5,0
5425135,596,1,4765129,4765129,5425135,660006,660006,554288,105718,9,0
5429004,679,1,5028303,5028303,5429004,400701,400701,252268,148433,4,0
5438149,602,1,4773701,4773701,5438149,664448,664448,518080,146368,8,0
5449641,719,1,5313533,5313533,5449641,136108,136108,116356,19752,2,0
5463841,657,1,4950105,4950105,5463841,513736,513736,424650,89086,6,0
5467956,340,1,3427409,3427409,5467956,2040547,2040547,2022567,17980,1,0
5470231,736,1,5441570,5441570,5470231,28661,28661,18322,10339,3,0
5473621,508,1,4364901,4364901,5473621,1108720,1108720,1040793,67927,4,0
5483271,722,1,5320434,5320434,5483271,162837,162837,123080,39757,3,0
5483701,572,1,4725732,4725732,5483701,757969,757969,728071,29898,5,0
5484782,741,1,5472497,5472497,5484782,12285,12285,8281,4004,1,0
5499077,590,1,4756328,4756328,5499077,742749,742749,689377,53372,12,0
5511242,726,1,5371839,5371839,5511242,139403,139403,117217,22186,2,0
5528593,670,1,4999439,4999439,5528593,529154,529154,424510,104644,8,0
5529762,673,1,5006913,5006913,5529762,522849,522849,408970,113879,7,0
5536337,485,1,4278531,4278531,5536337,1257806,1257806,1219806,38000,11,0
5540309,345,1,3483503,3483503,5540309,2056806,2056806,2053549,3257,2,0
5546610,732,1,5391494,5391494,5546610,155116,155116,130192,24924,1,0
5597950,733,1,5395000,5395000,5597950,202950,202950,180015,22935,1,0
5603713,740,1,5465993,5465993,5603713,137720,137720,122391,15329,3,0
5612827,418,1,3853696,3853696,5612827,1759131,1759131,1751857,7274,2,0
5613069,686,1,5069907,5069907,5613069,543162,543162,419910,123252,6,0
5615443,276,1,2905860,2905860,5615443,2709583,2709583,2695023,14560,6,0
5622328,594,1,4759087,4759087,5622328,863241,863241,766632,96609,6,0
5632124,718,1,5313532,5313532,5632124,318592,318592,303992,14600,2,0
5635991,0,1,0,0,5635991,5635991,5635991,5635991,0,0,0
5651204,473,1,4195859,4195859,5651204,1455345,1455345,1443573,11772,5,0
5654188,138,4,1920806,1920806,5654188,3733382,3733382,17239,3716143,2,0
5669946,723,1,5326064,5326064,5669946,343882,343882,304750,39132,4,0
5688769,734,1,5395001,5395001,5688769,293768,293768,259892,33876,2,0
5702926,218,1,2505721,2505721,5702926,3197205,3197205,3175865,21340,8,0
5713948,738,1,5454357,5454357,5713948,259591,259591,240692,18899,1,0
5717158,739,1,5465672,5465672,5717158,251486,251486,238645,12841,3,0
5718765,140,4,1927711,1927711,5718765,3791054,3791054,7228,3783826,1,0
5721348,141,4,1927712,1927712,5721348,3793636,3793636,4993,3788643,1,0
5730327,743,1,5473256,5473256,5730327,257071,257071,247494,9577,3,0
5739653,735,1,5441443,5441443,5739653,298210,298210,288007,10203,5,0
5744331,329,1,3360972,3360972,5744331,2383359,2383359,2381065,2294,1,0
5756203,737,1,5454052,5454052,5756203,302151,302151,287865,14286,4,0
5756913,720,1,5317383,5317383,5756913,439530,439530,417498,22032,2,0
5767972,142,4,1932851,1932851,5767972,3835121,3835121,49034,3786087,1,0
5787163,19,4,276110,276110,5787163,5511053,5511053,5511053,0,0,0
5841418,756,1,5833126,5833126,5841418,8292,8292,8292,0,0,0
5843307,661,1,4959394,4959394,5843307,883913,883913,787776,96137,5,0
5845412,755,1,5830939,5830939,5845412,14473,14473,14473,0,0,0
5848209,757,1,5833143,5833143,5848209,15066,15066,15066,0,0,0
5878548,645,1,4933348,4933348,5878548,945200,945200,864907,80293,9,0
5891800,753,1,5762914,5762914,5891800,128886,128886,128886,0,0,0
5897267,566,1,4717360,4717360,5897267,1179907,1179907,1147853,32054,6,0
5899726,492,1,4301048,4301048,5899726,1598678,1598678,1511221,87457,10,0
5971266,481,1,4264577,4264577,5971266,1706689,1706689,1688647,18042,7,0
5985143,705,1,5217024,5217024,5985143,768119,768119,740287,27832,4,0
6000410,752,1,5762912,5762912,6000410,237498,237498,237498,0,0,0
6003880,130,4,1821516,1821516,6003880,4182364,4182364,393415,3788949,1,0
6021696,533,1,4442906,4442906,6021696,1578790,1578790,1538662,40128,4,0
6027225,771,1,6008426,6008426,6027225,18799,18799,18799,0,0,0
6030645,139,4,1922368,1922368,6030645,4108277,4108277,378867,3729410,1,0
6031149,777,1,6024179,6024179,6031149,6970,6970,6970,0,0,0
6042601,775,1,6019535,6019535,6042601,23066,23066,16939,6127,1,0
6052704,774,1,6010074,6010074,6052704,42630,42630,34161,8469,3,0
6052999,765,1,5999106,5999106,6052999,53893,53893,51182,2711,2,0
6074131,787,1,6057548,6057548,6074131,16583,16583,13645,2938,1,0
6078282,714,1,5300411,5300411,6078282,777871,777871,767091,10780,4,0
6097822,360,2,3558450,3558450,6097822,2539372,2539372,2452368,87004,10,0
6099860,794,1,6086314,6086314,6099860,13546,13546,13546,0,0,0
6108090,727,1,5371839,5371839,6108090,736251,736251,713089,23162,1,0
6129803,763,1,5987096,5987096,6129803,142707,142707,140749,1958,2,0
6146060,788,1,6060604,6060604,6146060,85456,85456,78944,6512,3,0
6158522,143,4,1936352,1936352,6158522,4222170,4222170,416601,3805569,1,0
6163393,151,4,2041079,2041079,6163393,4122314,4122314,8217,4114097,2,0
6202675,808,1,6186011,6186011,6202675,16664,16664,16200,464,1,0
6203272,809,1,6186475,6186475,6203272,16797,16797,16594,203,1,0
6214086,776,1,6024171,6024171,6214086,189915,189915,185009,4906,3,0
6222457,810,1,6186678,6186678,6222457,35779,35779,21585,14194,3,0
6258635,242,1,2737938,2737938,6258635,3520697,3520697,3505164,15533,9,0
6290925,770,1,6007600,6007600,6290925,283325,283325,282218,1107,1,0
6314341,687,1,5092482,5092482,6314341,1221859,1221859,1113370,108489,6,0
6317292,646,1,4933753,4933753,6317292,1383539,1383539,1294700,88839,7,0
6320064,793,1,6086175,6086175,6320064,233889,233889,226676,7213,2,0
6329202,764,1,5987750,5987750,6329202,341452,341452,329740,11712,2,0
6331967,778,1,6024202,6024202,6331967,307765,307765,300068,7697,4,0
6339260,786,1,6057524,6057524,6339260,281736,281736,278098,3638,2,0
6361842,573,1,4725741,4725741,6361842,1636101,1636101,1589438,46663,9,0
6371374,412,1,3792141,3792141,6371374,2579233,2579233,2567503,11730,3,0
6373669,156,4,2042018,2042018,6373669,4331651,4331651,14150,4317501,1,0
6435137,805,1,6184166,6184166,6435137,250971,250971,250970,1,1,0
6476410,826,1,6432576,6432576,6476410,43834,43834,14984,28850,3,0
6507751,503,1,4351522,4351522,6507751,2156229,2156229,2092806,63423,3,0
6524257,807,1,6185771,6185771,6524257,338486,338486,331615,6871,4,0
6540615,880,1,6534514,6534514,6540615,6101,6101,6101,0,0,0
6540619,885,1,6535081,6535081,6540619,5538,5538,5538,0,0,0
6543868,887,1,6538910,6538910,6543868,4958,4958,4958,0,0,0
6557489,827,1,6432578,6432578,6557489,124911,124911,76249,48662,9,0
6577187,717,1,5308695,5308695,6577187,1268492,1268492,1250550,17942,3,0
6614562,773,1,6009718,6009718,6614562,604844,604844,598117,6727,4,0
6664000,822,1,6430165,6430165,6664000,233835,233835,203775,30060,9,0
6689597,742,1,5472498,5472498,6689597,1217099,1217099,1207097,10002,3,0
6699907,927,4,6697676,6697676,6699907,2231,2231,2231,0,0,0
6711576,663,1,4961281,4961281,6711576,1750295,1750295,1642568,107727,7,0
6732001,830,1,6441054,6441054,6732001,290947,290947,223788,67159,7,0
6735673,861,1,6497668,6497668,6735673,238005,238005,10872,227133,1,0
6749724,860,1,6497664,6497664,6749724,252060,252060,39428,212632,3,0
6754257,850,1,6481700,6481700,6754257,272557,272557,93510,179047,12,0
6761000,831,1,6441059,6441059,6761000,319941,319941,247850,72091,9,0
6772601,871,1,6505455,6505455,6772601,267146,267146,18801,248345,1,0
6783736,642,1,4911112,4911112,6783736,1872624,1872624,1785975,86649,10,0
6803095,859,1,6497218,6497218,6803095,305877,305877,108654,197223,5,0
6805354,804,1,6175069,6175069,6805354,630285,630285,622519,7766,3,0
6813499,455,2,4116253,4116253,6813499,2697246,2697246,2457679,239567,21,0
6827573,858,1,6497214,6497214,6827573,330359,330359,141212,189147,7,0
6832569,845,1,6479711,6479711,6832569,352858,352858,234317,118541,12,0
6891009,883,1,6534657,6534657,6891009,356352,356352,94301,262051,2,0
6891576,832,1,6447826,6447826,6891576,443750,443750,375905,67845,9,0
6926135,935,1,6922653,6922653,6926135,3482,3482,3482,0,0,0
6927020,834,1,6449212,6449212,6927020,477808,477808,395068,82740,9,0
6929892,870,1,6505283,6505283,6929892,424609,424609,182835,241774,1,0
6936304,835,1,6449433,6449433,6936304,486871,486871,401272,85599,9,0
6938064,884,1,6535080,6535080,6938064,402984,402984,139097,263887,2,0
6942455,144,4,1942077,1942077,6942455,5000378,5000378,1171604,3828774,3,0
6944150,881,1,6534515,6534515,6944150,409635,409635,177936,231699,2,0
6954332,849,1,6481700,6481700,6954332,472632,472632,321927,150705,13,0
6971156,769,1,6007600,6007600,6971156,963556,963556,963556,0,0,0
6973340,886,1,6538909,6538909,6973340,434431,434431,143510,290921,3,0
6977917,895,1,6574419,6574419,6977917,403498,403498,140920,262578,5,0
6980664,896,1,6574426,6574426,6980664,406238,406238,92391,313847,3,0
6993278,944,1,6986210,6986210,6993278,7068,7068,7068,0,0,0
6999529,912,1,6644171,6644171,6999529,355358,355358,13546,341812,2,0
6999954,754,1,5830938,5830938,6999954,1169016,1169016,1169016,0,0,0
7003891,897,1,6574833,6574833,7003891,429058,429058,110862,318196,2,0
7017290,82,4,1307066,1307066,7017290,5710224,5710224,5710224,0,0,0
7022275,931,1,6871624,6871624,7022275,150651,150651,9983,140668,1,0
7030704,950,1,7029788,7029788,7030704,916,916,916,0,0,0
7032551,949,1,7029788,7029788,7032551,2763,2763,2763,0,0,0
7037746,936,1,6922772,6922772,7037746,114974,114974,14572,100402,3,0
7046276,331,1,3363770,3363770,7046276,3682506,3682506,3680212,2294,1,0
7049087,954,1,7048263,7048263,7049087,824,824,824,0,0,0
7053160,943,1,6986209,6986209,7053160,66951,66951,13260,53691,2,0
7078533,357,1,3547060,3547060,7078533,3531473,3531473,3509465,22008,1,0
7083950,898,1,6577600,6577600,7083950,506350,506350,157585,348765,1,0
7085945,951,1,7030173,7030173,7085945,55772,55772,9195,46577,1,0
7101963,911,1,6643842,6643842,7101963,458121,458121,118998,339123,3,0
7102547,937,1,6922772,6922772,7102547,179775,179775,72001,107774,1,0
7131562,948,1,7017171,7017171,7131562,114391,114391,53187,61204,2,0
7133925,961,1,7130172,7130172,7133925,3753,3753,3753,0,0,0
7138778,956,1,7053433,7053433,7138778,85345,85345,12053,73292,1,0
7141195,899,1,6577605,6577605,7141195,563590,563590,214830,348760,1,0
7141691,905,1,6591789,6591789,7141691,549902,549902,172116,377786,3,0
7145144,842,1,6468018,6468018,7145144,677126,677126,574917,102209,10,0
7145842,789,1,6060811,6060811,7145842,1085031,1085031,1072470,12561,4,0
7147251,959,1,7096433,7096433,7147251,50818,50818,12760,38058,1,0
7157575,383,1,3626130,3626130,7157575,3531445,3531445,3419004,112441,1,0
7166594,440,1,4028354,4028354,7166594,3138240,3138240,3119348,18892,7,0
7169319,953,1,7034133,7034133,7169319,135186,135186,72886,62300,1,0
7171980,731,1,5391494,5391494,7171980,1780486,1780486,1776811,3675,1,0
7174995,744,1,5473262,5473262,7174995,1701733,1701733,1680209,21524,2,0
7179701,932,1,6871627,6871627,7179701,308074,308074,164126,143948,3,0
7187188,921,1,6671391,6671391,7187188,515797,515797,191862,323935,2,0
7194848,920,2,6669208,6669208,7194848,525640,525640,27560,498080,1,0
7201513,938,2,6925550,6925550,7201513,275963,275963,11007,264956,1,0
7204541,947,1,7012292,7012292,7204541,192249,192249,144179,48070,3,0
7232824,922,2,6674366,6674366,7232824,558458,558458,57348,501110,1,0
7242761,941,2,6975081,6975081,7242761,267680,267680,43238,224442,1,0
7260369,940,1,6951540,6951540,7260369,308829,308829,229780,79049,1,0
7266082,960,1,7096437,7096437,7266082,169645,169645,128138,41507,1,0
7269544,869,1,6505275,6505275,7269544,764269,764269,527020,237249,1,0
7272505,903,1,6583588,6583588,7272505,688917,688917,318182,370735,2,0
7278714,957,1,7072848,7072848,7278714,205866,205866,147136,58730,1,0
7287423,924,1,6677854,6677854,7287423,609569,609569,282737,326832,3,0
7288194,942,1,6980890,6980890,7288194,307304,307304,241179,66125,3,0
7293554,152,4,2041299,2041299,7293554,5252255,5252255,292545,4959710,9,0
7336708,750,1,5633391,5633391,7336708,1703317,1703317,1703206,111,1,0
7339554,952,1,7030589,7030589,7339554,308965,308965,254695,54270,2,0
7416949,939,2,6928879,6928879,7416949,488070,488070,220122,267948,1,0
7446972,965,2,7364538,7364538,7446972,82434,82434,34436,47998,1,0
7448284,966,2,7364539,7364539,7448284,83745,83745,5724,78021,1,0
7450884,862,1,6499108,6499108,7450884,951776,951776,722411,229365,1,0
7455715,667,1,4993941,4993941,7455715,2461774,2461774,2368298,93476,7,0
7461423,820,1,6429910,6429910,7461423,1031513,1031513,1023421,8092,5,0
7474040,821,1,6429919,6429919,7474040,1044121,1044121,1032959,11162,6,0
7479287,803,1,6175066,6175066,7479287,1304221,1304221,1303981,240,1,0
7483782,841,1,6468018,6468018,7483782,1015764,1015764,932514,83250,8,0
7488218,751,1,5633502,5633502,7488218,1854716,1854716,1844214,10502,1,0
7500238,828,1,6437336,6437336,7500238,1062902,1062902,1010612,52290,6,0
7520213,165,4,2063814,2063814,7520213,5456399,5456399,276241,5180158,5,0
7565577,772,1,6008657,6008657,7565577,1556920,1556920,1552757,4163,3,0
7572042,177,4,2246046,2246046,7572042,5325996,5325996,53851,5272145,1,0
7597168,784,1,6049141,6049141,7597168,1548027,1548027,1544182,3845,3,0
7619525,882,1,6534656,6534656,7619525,1084869,1084869,842176,242693,2,0
7631297,762,1,5987082,5987082,7631297,1644215,1644215,1644201,14,1,0
7733477,907,2,6626994,6626994,7733477,1106483,1106483,571168,535315,1,0
7745078,901,1,6577820,6577820,7745078,1167258,1167258,814214,353044,1,0
7775273,973,1,7774433,7774433,7775273,840,840,840,0,0,0
7783411,981,1,7782507,7782507,7783411,904,904,904,0,0,0
7789460,982,1,7787734,7787734,7789460,1726,1726,1726,0,0,0
7794930,975,1,7774723,7774723,7794930,20207,20207,12670,7537,1,0
7807660,168,4,2161010,2161010,7807660,5646650,5646650,331152,5315498,1,0
7816758,969,2,7770158,7770158,7816758,46600,46600,13373,33227,1,0
7831058,970,2,7770158,7770158,7831058,60900,60900,27038,33862,1,0
7848809,974,1,7774511,7774511,7848809,74298,74298,66813,7485,1,0
7852668,405,1,3738580,3738580,7852668,4114088,4114088,4064093,49995,5,0
7888528,977,1,7781473,7781473,7888528,107055,107055,78970,28085,1,0
7928012,522,1,4399695,4399695,7928012,3528317,3528317,3479072,49245,2,0
7949474,844,1,6479542,6479542,7949474,1469932,1469932,1366682,103250,12,0
7971275,240,2,2728286,2728286,7971275,5242989,5242989,4988621,254368,10,0
7997544,971,1,7772019,7772019,7997544,225525,225525,216617,8908,3,0
7997828,902,1,6581489,6581489,7997828,1416339,1416339,1055303,361036,3,0
8004403,985,1,7910536,7910536,8004403,93867,93867,83591,10276,1,0
8066812,707,1,5218046,5218046,8066812,2848766,2848766,2780064,68702,5,0
8086314,972,1,7773798,7773798,8086314,312516,312516,304320,8196,1,0
8120126,181,4,2246807,2246807,8120126,5873319,5873319,36857,5836462,1,0
8148531,806,1,6184167,6184167,8148531,1964364,1964364,1956129,8235,4,0
8169893,978,1,7781473,7781473,8169893,388420,388420,360335,28085,1,0
8182527,976,1,7778788,7778788,8182527,403739,403739,394797,8942,1,0
8187833,825,2,6431045,6431045,8187833,1756788,1756788,1391142,365646,8,0
8334082,984,2,7874425,7874425,8334082,459657,459657,442767,16890,2,0
8350724,547,1,4569354,4569354,8350724,3781370,3781370,3743719,37651,5,0
8420582,983,1,7858722,7858722,8420582,561860,561860,557447,4413,1,0
8583649,501,1,4345679,4345679,8583649,4237970,4237970,4172723,65247,2,0
8592086,641,1,4910787,4910787,8592086,3681299,3681299,3615552,65747,8,0
8643224,558,1,4615077,4615077,8643224,4028147,4028147,3974181,53966,11,0
8702126,979,1,7781994,7781994,8702126,920132,920132,878268,41864,1,0
8758210,906,1,6591790,6591790,8758210,2166420,2166420,1782389,384031,4,0
8832694,479,2,4244520,4244520,8832694,4588174,4588174,4361788,226386,12,0
8968123,980,1,7781996,7781996,8968123,1186127,1186127,1144265,41862,1,0
8986147,155,4,2042018,2042018,8986147,6944129,6944129,1823452,5120677,3,0
9132173,419,2,3877453,3877453,9132173,5254720,5254720,5218333,36387,7,0
9195544,664,1,4961283,4961283,9195544,4234261,4234261,4119912,114349,6,0
9218761,182,4,2246886,2246886,9218761,6971875,6971875,1101601,5870274,1,0
9262023,195,4,2278490,2278490,9262023,6983533,6983533,45672,6937861,1,0
9337700,704,1,5217024,5217024,9337700,4120676,4120676,4099857,20819,3,0
9340961,923,1,6677852,6677852,9340961,2663109,2663109,2345091,318018,3,0
9377775,785,1,6049141,6049141,9377775,3328634,3328634,3321733,6901,3,0
9426888,706,1,5218045,5218045,9426888,4208843,4208843,4145345,63498,5,0
9490847,967,1,7742218,7742218,9490847,1748629,1748629,1747725,904,1,0
9689701,745,1,5477249,5477249,9689701,4212452,4212452,4182750,29702,2,0
9696992,900,1,6577816,6577816,9696992,3119176,3119176,2767888,351288,1,0
9802919,193,4,2271401,2271401,9802919,7531518,7531518,818765,6712753,1,0
9812278,968,1,7742218,7742218,9812278,2070060,2070060,2062131,7929,6,0
9881112,199,4,2359902,2359902,9881112,7521210,7521210,70842,7450368,1,0
9955607,198,4,2352993,2352993,9955607,7602614,7602614,155098,7447516,1,0
9982602,958,1,7072849,7072849,9982602,2909753,2909753,2848607,61146,1,0
10008124,202,4,2360616,2360616,10008124,7647508,7647508,55288,7592220,1,0
10440284,955,1,7053431,7053431,10440284,3386853,3386853,3342457,44396,2,0
10646478,149,4,2036622,2036622,10646478,8609856,8609856,4838039,3771817,5,0
10670113,194,4,2272581,2272581,10670113,8397532,8397532,1476979,6920553,1,0
10716298,824,1,6430422,6430422,10716298,4285876,4285876,4252441,33435,10,0
10821003,205,4,2360617,2360617,10821003,8460386,8460386,153660,8306726,1,0
11072827,829,1,6437338,6437338,11072827,4635489,4635489,4568374,67115,9,0
11352650,180,4,2246791,2246791,11352650,9105859,9105859,3391988,5713871,3,0
11471916,196,4,2283834,2283834,11471916,9188082,9188082,2212199,6975883,1,0
11571521,833,1,6448012,6448012,11571521,5123509,5123509,5046776,76733,10,0
11595223,208,4,2360620,2360620,11595223,9234603,9234603,245340,8989263,1,0
11755026,40,2,587485,587485,11755026,11167541,11167541,11167541,0,0,0
12001613,185,4,2247237,2247237,12001613,9754376,9754376,3361004,6393372,1,0
12028484,167,4,2161010,2161010,12028484,9867474,9867474,4580379,5287095,1,0
12057718,212,4,2360646,2360646,12057718,9697072,9697072,31975,9665097,1,0
12090822,46,2,714019,714019,12090822,11376803,11376803,11376803,0,0,0
12091829,115,4,1695296,1695296,12091829,10396533,10396533,8755596,1640937,4,0
12171036,121,4,1721528,1721528,12171036,10449508,10449508,8720351,1729157,3,0
12179983,228,4,2574974,2574974,12179983,9605009,9605009,91032,9513977,1,0
12415263,215,4,2386703,2386703,12415263,10028560,10028560,326851,9701709,1,0
12455137,210,4,2360624,2360624,12455137,10094513,10094513,862677,9231836,1,0
12525252,232,4,2580636,2580636,12525252,9944616,9944616,72973,9871643,1,0
12626606,233,4,2584996,2584996,12626606,10041610,10041610,103952,9937658,1,0
12696404,904,2,6584791,6584791,12696404,6111613,6111613,5565934,545679,2,0
13030741,178,4,2246734,2246734,13030741,10784007,10784007,5468282,5315725,1,0
13067908,183,4,2246968,2246968,13067908,10820940,10820940,4882959,5937981,1,0
13069882,207,4,2360619,2360619,13069882,10709263,10709263,1999823,8709440,1,0
13123766,238,4,2712100,2712100,13123766,10411666,10411666,56072,10355594,1,0
13158835,235,4,2591838,2591838,13158835,10566997,10566997,130679,10436318,1,0
13243739,213,4,2360646,2360646,13243739,10883093,10883093,1188762,9694331,1,0
13260093,231,4,2580611,2580611,13260093,10679482,10679482,847713,9831769,1,0
13351128,251,4,2763476,2763476,13351128,10587652,10587652,92851,10494801,1,0
13356035,252,4,2764479,2764479,13356035,10591556,10591556,6802,10584754,1,0
14107609,69,4,1176018,1176018,14107609,12931591,12931591,12931591,0,0,0
14410029,254,4,2777686,2777686,14410029,11632343,11632343,304497,11327846,1,0
14435700,255,4,2778950,2778950,14435700,11656750,11656750,28710,11628040,1,0
14444585,206,4,2360619,2360619,14444585,12083966,12083966,3626350,8457616,1,0
14469248,256,4,2779788,2779788,14469248,11689460,11689460,35749,11653711,1,0
14948442,234,4,2591609,2591609,14948442,12356833,12356833,2324650,10032183,1,0
15012179,259,4,2820995,2820995,15012179,12191184,12191184,66797,12124387,1,0
15295555,129,4,1821515,1821515,15295555,13474040,13474040,9768011,3706029,5,0
15400584,260,4,2821528,2821528,15400584,12579056,12579056,390932,12188124,1,0
15456026,269,4,2836521,2836521,15456026,12619505,12619505,57582,12561923,1,0
15530780,192,4,2271389,2271389,15530780,13259391,13259391,6700091,6559300,1,0
15577573,258,4,2820995,2820995,15577573,12756578,12756578,1111385,11645193,1,0
15580335,272,4,2843510,2843510,15580335,12736825,12736825,5578,12731247,1,0
15586608,270,4,2840204,2840204,15586608,12746404,12746404,132992,12613412,1,0
15616384,273,4,2847602,2847602,15616384,12768782,12768782,38459,12730323,1,0
15628508,275,4,2897516,2897516,15628508,12730992,12730992,44310,12686682,1,0
15641964,823,2,6430228,6430228,15641964,9211736,9211736,9207098,4638,2,0
15642831,209,4,2360620,2360620,15642831,13282211,13282211,4173682,9108529,1,0
15652727,279,4,2926520,2926520,15652727,12726207,12726207,26629,12699578,1,0
15659699,286,4,2974039,2974039,15659699,12685660,12685660,9369,12676291,1,0
15700302,283,4,2973384,2973384,15700302,12726918,12726918,60540,12666378,1,0
15703098,278,4,2922459,2922459,15703098,12780639,12780639,89124,12691515,1,0
15714134,289,4,2987598,2987598,15714134,12726536,12726536,13944,12712592,1,0
15742353,288,4,2978252,2978252,15742353,12764101,12764101,44461,12719640,1,0
15745459,271,4,2843377,2843377,15745459,12902082,12902082,217628,12684454,1,0
15752151,296,4,3006594,3006594,15752151,12745557,12745557,9813,12735744,1,0
15765629,295,4,3006294,3006294,15765629,12759335,12759335,25337,12733998,1,0
15778583,297,4,3007080,3007080,15778583,12771503,12771503,29067,12742436,1,0
15869960,299,4,3021108,3021108,15869960,12848852,12848852,93668,12755184,1,0
15914480,298,4,3011421,3011421,15914480,12903059,12903059,151261,12751798,1,0
15914971,300,4,3022586,3022586,15914971,12892385,12892385,47415,12844970,1,0
15915497,257,4,2803781,2803781,15915497,13111716,13111716,1473322,11638394,1,0
15917315,301,4,3024990,3024990,15917315,12892325,12892325,5651,12886674,1,0
15923356,304,4,3029620,3029620,15923356,12893736,12893736,8451,12885285,1,0
15932088,305,4,3032812,3032812,15932088,12899276,12899276,11142,12888134,1,0
16100086,265,4,2827652,2827652,16100086,13272434,13272434,807471,12464963,1,0
16122058,307,4,3048875,3048875,16122058,13073183,13073183,24699,13048484,1,0
16158064,303,4,3027806,3027806,16158064,13130258,13130258,244381,12885877,1,0
16208444,179,4,2246734,2246734,16208444,13961710,13961710,8639520,5322190,1,0
16209968,310,4,3065028,3065028,16209968,13144940,13144940,4320,13140620,1,0
16229025,302,4,3025374,3025374,16229025,13203651,13203651,316486,12887165,1,0
16246430,309,4,3064524,3064524,16246430,13181906,13181906,90198,13091708,1,0
16257236,313,4,3076202,3076202,16257236,13181034,13181034,49678,13131356,1,0
16262930,184,4,2247206,2247206,16262930,14015724,14015724,7914852,6100872,1,0
16274329,314,4,3078614,3078614,16274329,13195715,13195715,47995,13147720,1,0
16320909,320,4,3089347,3089347,16320909,13231562,13231562,60653,13170909,1,0
16378052,48,2,996104,996104,16378052,15381948,15381948,15381948,0,0,0
16435297,203,4,2360616,2360616,16435297,14074681,14074681,6429944,7644737,1,0
16458020,239,4,2724456,2724456,16458020,13733564,13733564,3336664,10396900,1,0
16644380,308,4,3056601,3056601,16644380,13587779,13587779,524732,13063047,1,0
16828889,332,4,3386654,3386654,16828889,13442235,13442235,186817,13255418,1,0
16967599,282,2,2971942,2971942,16967599,13995657,13995657,13842187,153470,2,0
17025188,333,4,3386668,3386668,17025188,13638520,13638520,198593,13439927,1,0
17040107,284,4,2973523,2973523,17040107,14066584,14066584,1399339,12667245,1,0
17043098,341,4,3447594,3447594,17043098,13595504,13595504,5859,13589645,1,0
17292705,319,4,3089337,3089337,17292705,14203368,14203368,1038153,13165215,1,0
17400038,343,4,3452699,3452699,17400038,13947339,13947339,110203,13837136,1,0
17404329,292,4,2991526,2991526,17404329,14412803,14412803,1693054,12719749,1,0
17525673,352,4,3530044,3530044,17525673,13995629,13995629,124171,13871458,1,0
17626300,211,4,2360625,2360625,17626300,15265675,15265675,5627449,9638226,1,0
17635449,354,4,3536814,3536814,17635449,14098635,14098635,112926,13985709,1,0
17684731,334,4,3388149,3388149,17684731,14296582,14296582,719542,13577040,1,0
17787517,367,4,3582036,3582036,17787517,14205481,14205481,104667,14100814,1,0
17853364,201,4,2360616,2360616,17853364,15492748,15492748,7975023,7517725,1,0
17908561,342,4,3447596,3447596,17908561,14460965,14460965,868329,13592636,1,0
17966772,287,4,2974311,2974311,17966772,14992461,14992461,2309198,12683263,1,0
18126124,306,4,3044558,3044558,18126124,15081566,15081566,2196446,12885120,1,0
18130658,382,4,3623916,3623916,18130658,14506742,14506742,6748,14499994,1,0
18166990,366,4,3572596,3572596,18166990,14594394,14594394,533951,14060443,1,0
18186752,384,4,3626705,3626705,18186752,14560047,14560047,58496,14501551,1,0
18348377,386,4,3630868,3630868,18348377,14717509,14717509,183849,14533660,1,0
18390338,317,4,3082227,3082227,18390338,15308111,15308111,2146327,13161784,1,0
18594773,379,4,3619932,3619932,18594773,14974841,14974841,630434,14344407,1,0
18642017,389,4,3652534,3652534,18642017,14989483,14989483,253670,14735813,1,0
19005335,371,4,3592543,3592543,19005335,15412792,15412792,1099611,14313181,1,0
19052213,166,4,2097269,2097269,19052213,16954944,16954944,11708953,5245991,4,0
19216864,397,4,3696930,3696930,19216864,15519934,15519934,167355,15352579,1,0
19226570,402,4,3714878,3714878,19226570,15511692,15511692,11670,15500022,1,0
19480291,322,4,3105066,3105066,19480291,16375225,16375225,3208372,13166853,1,0
19583832,406,4,3743782,3743782,19583832,15840050,15840050,105530,15734520,1,0
19644014,407,4,3743803,3743803,19644014,15900211,15900211,62150,15838061,1,0
19736222,150,4,2036839,2036839,19736222,17699383,17699383,13287122,4412261,20,0
19949022,410,4,3778315,3778315,19949022,16170707,16170707,308118,15862589,1,0
20115962,403,4,3715545,3715545,20115962,16400417,16400417,892165,15508252,1,0
20402285,415,4,3807516,3807516,20402285,16594769,16594769,288733,16306036,1,0
20421518,344,4,3452703,3452703,20421518,16968815,16968815,3024346,13944469,1,0
20424663,396,4,3696926,3696926,20424663,16727737,16727737,1422036,15305701,1,0
20794101,253,4,2765561,2765561,20794101,18028540,18028540,7440476,10588064,1,0
20873579,75,4,1221987,1221987,20873579,19651592,19651592,19651592,0,0,0
20880172,387,4,3637157,3637157,20880172,17243015,17243015,2695830,14547185,1,0
20926518,429,4,3974498,3974498,20926518,16952020,16952020,55825,16896195,1,0
20935742,368,4,3583142,3583142,20935742,17352600,17352600,3151071,14201529,1,0
21127598,388,4,3640355,3640355,21127598,17487243,17487243,2781631,14705612,1,0
21441302,35,2,519236,519236,21441302,20922066,20922066,20922066,0,0,0
21471624,90,4,1330843,1330843,21471624,20140781,20140781,20138019,2762,1,0
21728758,414,4,3798799,3798799,21728758,17929959,17929959,1782451,16147508,1,0
21953534,439,4,4010368,4010368,21953534,17943166,17943166,484735,17458431,1,0
22068883,445,4,4058834,4058834,22068883,18010049,18010049,117759,17892290,1,0
22553282,94,4,1388150,1388150,22553282,21165132,21165132,21162365,2767,1,0
22852830,413,4,3794017,3794017,22852830,19058813,19058813,3118668,15940145,1,0
22907520,417,4,3817009,3817009,22907520,19090511,19090511,2488858,16601653,1,0
22962328,438,4,4010260,4010260,22962328,18952068,18952068,1837663,17114405,1,0
22972537,335,4,3392448,3392448,22972537,19580089,19580089,5949269,13630820,1,0
23054654,428,4,3966537,3966537,23054654,19088117,19088117,2263414,16824703,1,0
23086585,446,4,4061631,4061631,23086585,19024954,19024954,1020112,18004842,1,0
23245178,400,2,3699634,3699634,23245178,19545544,19545544,19418714,126830,1,0
23318852,464,4,4143244,4143244,23318852,19175608,19175608,75789,19099819,1,0
23728342,236,4,2636760,2636760,23728342,21091582,21091582,10662844,10428738,1,0
23758391,465,4,4144172,4144172,23758391,19614219,19614219,441557,19172662,1,0
23778166,462,4,4137826,4137826,23778166,19640340,19640340,725313,18915027,1,0
24091795,204,4,2360617,2360617,24091795,21731178,21731178,13448087,8283091,1,0
24182321,327,4,3127782,3127782,24182321,21054539,21054539,7727167,13327372,1,0
24191138,463,4,4138291,4138291,24191138,20052847,20052847,1107355,18945492,1,0
24195595,477,4,4219964,4219964,24195595,19975631,19975631,7229,19968402,1,0
24206961,472,4,4195336,4195336,24206961,20011625,20011625,27764,19983861,1,0
24268248,488,4,4289650,4289650,24268248,19978598,19978598,64233,19914365,1,0
24455198,478,4,4230304,4230304,24455198,20224894,20224894,262013,19962881,1,0
24739823,430,4,3974528,3974528,24739823,20765295,20765295,3862507,16902788,1,0
24809019,432,4,3980458,3980458,24809019,20828561,20828561,3875675,16952886,1,0
24817537,466,4,4144185,4144185,24817537,20673352,20673352,1091200,19582152,1,0
24997871,493,4,4306916,4306916,24997871,20690955,20690955,544842,20146113,1,0
25027539,497,4,4324073,4324073,25027539,20703466,20703466,212879,20490587,1,0
25159798,448,4,4078122,4078122,25159798,21081676,21081676,2309378,18772298,1,0
25210226,504,4,4360425,4360425,25210226,20849801,20849801,52838,20796963,1,0
25217852,499,4,4328608,4328608,25217852,20889244,20889244,192723,20696521,1,0
25250099,505,4,4360425,4360425,25250099,20889674,20889674,42283,20847391,1,0
25299699,510,4,4368189,4368189,25299699,20931510,20931510,84521,20846989,1,0
25374995,495,4,4317309,4317309,25374995,21057686,21057686,568526,20489160,1,0
25381717,513,4,4376515,4376515,25381717,21005202,21005202,9132,20996070,1,0
25496214,511,4,4371271,4371271,25496214,21124943,21124943,248539,20876404,1,0
25606011,461,4,4129470,4129470,25606011,21476541,21476541,2636195,18840346,1,0
26164961,489,4,4289677,4289677,26164961,21875284,21875284,1899632,19975652,1,0
26196546,494,4,4308272,4308272,26196546,21888274,21888274,1459133,20429141,1,0
26211086,520,4,4391065,4391065,26211086,21820021,21820021,16950,21803071,1,0
26523362,467,4,4145359,4145359,26523362,22378003,22378003,2767853,19610150,1,0
26523560,524,4,4403036,4403036,26523560,22120524,22120524,2608,22117916,1,0
26590169,525,4,4408152,4408152,26590169,22182017,22182017,68446,22113571,1,0
26745926,197,4,2352993,2352993,26745926,24392933,24392933,17321448,7071485,1,0
27120183,230,4,2579225,2579225,27120183,24540958,24540958,14942418,9598540,1,0
27189517,498,4,4324607,4324607,27189517,22864910,22864910,2193989,20670921,1,0
27195798,517,4,4386282,4386282,27195798,22809516,22809516,1702256,21107260,1,0
27251922,532,4,4441407,4441407,27251922,22810515,22810515,59054,22751461,1,0
27272191,471,4,4195333,4195333,27272191,23076858,23076858,3183523,19893335,1,0
27405865,530,4,4424945,4424945,27405865,22980920,22980920,288092,22692828,1,0
27440153,535,4,4469634,4469634,27440153,22970519,22970519,191060,22779459,1,0
27632315,529,4,4422354,4422354,27632315,23209961,23209961,888980,22320981,1,0
28064032,541,4,4551846,4551846,28064032,23512186,23512186,434058,23078128,1,0
28207390,542,4,4563338,4563338,28207390,23644052,23644052,145768,23498284,1,0
28486233,514,4,4381717,4381717,28486233,24104516,24104516,3107652,20996864,1,0
28552274,544,4,4566784,4566784,28552274,23985490,23985490,68611,23916879,1,0
28610605,543,4,4566782,4566782,28610605,24043823,24043823,405787,23638036,1,0
28614193,552,4,4589360,4589360,28614193,24024833,24024833,5584,24019249,1,0
28636060,553,4,4590543,4590543,28636060,24045517,24045517,23773,24021744,1,0
28823667,537,4,4489503,4489503,28823667,24334164,24334164,1420212,22913952,1,0
28864254,556,4,4598745,4598745,28864254,24265509,24265509,42997,24222512,1,0
29036811,531,4,4433325,4433325,29036811,24603486,24603486,1850327,22753159,1,0
29039456,560,4,4643501,4643501,29039456,24395955,24395955,5055,24390900,1,0
29316066,427,4,3966520,3966520,29316066,25349546,25349546,8894281,16455265,1,0
29764609,817,2,6419521,6419521,29764609,23345088,23345088,23336084,9004,4,0
30456862,538,4,4527004,4527004,30456862,25929858,25929858,3019119,22910739,1,0
30464439,61,4,1108307,1108307,30464439,29356132,29356132,29356132,0,0,0
30499003,575,4,4727895,4727895,30499003,25771108,25771108,44163,25726945,1,0
30499621,577,4,4733622,4733622,30499621,25765999,25765999,37798,25728201,1,0
30513842,579,4,4738678,4738678,30513842,25775164,25775164,16788,25758376,1,0
30568160,391,4,3654706,3654706,30568160,26913454,26913454,11928940,14984514,1,0
30623471,582,4,4741770,4741770,30623471,25881701,25881701,57595,25824106,1,0
30668245,583,4,4742041,4742041,30668245,25926204,25926204,46787,25879417,1,0
30858636,518,4,4386516,4386516,30858636,26472120,26472120,5255063,21217057,1,0
30931893,580,4,4740627,4740627,30931893,26191266,26191266,434498,25756768,1,0
31057769,584,4,4743241,4743241,31057769,26314528,26314528,391576,25922952,1,0
31448266,587,4,4748288,4748288,31448266,26699978,26699978,393297,26306681,1,0
31492229,355,4,3544128,3544128,31492229,27948101,27948101,13868339,14079762,1,0
31514239,600,4,4772859,4772859,31514239,26741380,26741380,25001,26716379,1,0
31534905,581,4,4741730,4741730,31534905,26793175,26793175,1023387,25769788,1,0
31544244,605,4,4799252,4799252,31544244,26744992,26744992,11749,26733243,1,0
31618732,512,4,4373711,4373711,31618732,27245021,27245021,6321668,20923353,1,0
31639622,604,4,4799252,4799252,31639622,26840370,26840370,127793,26712577,1,0
31639687,595,4,4763198,4763198,31639687,26876489,26876489,193352,26683137,1,0
31665548,586,4,4747814,4747814,31665548,26917734,26917734,735462,26182272,1,0
31816579,608,4,4808339,4808339,31816579,27008240,27008240,179487,26828753,1,0
32055778,607,4,4806375,4806375,32055778,27249403,27249403,439010,26810393,1,0
32312337,44,4,693194,693194,32312337,31619143,31619143,31619143,0,0,0
32487118,390,4,3654525,3654525,32487118,28832593,28832593,13895323,14937270,1,0
32504668,81,4,1305672,1305672,32504668,31198996,31198996,31198996,0,0,0
32505184,616,4,4825193,4825193,32505184,27679991,27679991,195257,27484734,1,0
32523356,460,4,4129096,4129096,32523356,28394260,28394260,9564123,18830137,1,0
32546389,621,4,4831713,4831713,32546389,27714676,27714676,25931,27688745,1,0
32548117,620,4,4831679,4831679,32548117,27716438,27716438,45865,27670573,1,0
32567092,619,4,4830939,4830939,32567092,27736153,27736153,64673,27671480,1,0
32590650,622,4,4831786,4831786,32590650,27758864,27758864,47086,27711778,1,0
32651797,610,4,4810869,4810869,32651797,27840928,27840928,988660,26852268,1,0
32748021,431,4,3980444,3980444,32748021,28767577,28767577,11823915,16943662,1,0
32754265,618,4,4829390,4829390,32754265,27924875,27924875,269436,27655439,1,0
32799140,612,4,4816284,4816284,32799140,27982856,27982856,746217,27236639,1,0
32828984,630,4,4882971,4882971,32828984,27946013,27946013,31857,27914156,1,0
32842414,249,4,2763018,2763018,32842414,30079396,30079396,19685853,10393543,1,0
32900298,627,4,4849339,4849339,32900298,28050959,28050959,154687,27896272,1,0
32929770,638,4,4897447,4897447,32929770,28032323,28032323,89884,27942439,1,0
32990221,643,4,4931016,4931016,32990221,28059205,28059205,92255,27966950,1,0
33158422,623,4,4836320,4836320,33158422,28322102,28322102,612715,27709387,1,0
33240846,647,4,4936560,4936560,33240846,28304286,28304286,253676,28050610,1,0
33246350,649,4,4941528,4941528,33246350,28304822,28304822,7997,28296825,1,0
33271440,653,4,4944021,4944021,33271440,28327419,28327419,27240,28300179,1,0
33408727,635,4,4888691,4888691,33408727,28520036,28520036,582045,27937991,1,0
33484332,655,4,4945235,4945235,33484332,28539097,28539097,78514,28460583,1,0
33559386,658,4,4955329,4955329,33559386,28604057,28604057,76859,28527198,1,0
33580154,654,4,4944021,4944021,33580154,28636133,28636133,310864,28325269,1,0
33585128,659,4,4955800,4955800,33585128,28629328,28629328,28671,28600657,1,0
33715433,662,4,4959864,4959864,33715433,28755569,28755569,138059,28617510,1,0
33740654,665,4,4986899,4986899,33740654,28753755,28753755,157936,28595819,1,0
34060301,644,4,4931024,4931024,34060301,29129277,29129277,1132855,27996422,1,0
34198202,676,4,5009302,5009302,34198202,29188900,29188900,140319,29048581,1,0
34366376,648,4,4937415,4937415,34366376,29428961,29428961,1210150,28218811,1,0
34462135,416,4,3816980,3816980,34462135,30645155,30645155,14062735,16582420,1,0
34508473,675,4,5009189,5009189,34508473,29499284,29499284,770350,28728934,1,0
34578961,678,4,5022963,5022963,34578961,29555998,29555998,214995,29341003,1,0
34693219,447,4,4066328,4066328,34693219,30626891,30626891,12142347,18484544,1,0
34716631,625,4,4845931,4845931,34716631,29870700,29870700,2128035,27742665,1,0
34911621,624,4,4842455,4842455,34911621,30069166,30069166,2346939,27722227,1,0
35125782,536,4,4469635,4469635,35125782,30656147,30656147,7856419,22799728,1,0
35142361,519,4,4386526,4386526,35142361,30755835,30755835,8979828,21776007,1,0
35149919,326,4,3127777,3127777,35149919,32022142,32022142,18717493,13304649,1,0
35172999,692,4,5110031,5110031,35172999,30062968,30062968,26000,30036968,1,0
35189327,666,4,4986899,4986899,35189327,30202428,30202428,1476304,28726124,1,0
35200058,693,4,5110120,5110120,35200058,30089938,30089938,29890,30060048,1,0
35208381,695,4,5115850,5115850,35208381,30092531,30092531,10733,30081798,1,0
35250600,698,4,5202154,5202154,35250600,30048446,30048446,44242,30004204,1,0
35258425,694,4,5113133,5113133,35258425,30145292,30145292,71508,30073784,1,0
35281214,700,4,5202797,5202797,35281214,30078417,30078417,25624,30052793,1,0
35347106,699,4,5202794,5202794,35347106,30144312,30144312,99344,30044968,1,0
35435557,549,4,4574969,4574969,35435557,30860588,30860588,6886272,23974316,1,0
35450481,708,4,5221097,5221097,35450481,30229384,30229384,105897,30123487,1,0
35460259,709,4,5221103,5221103,35460259,30239156,30239156,27218,30211938,1,0
35506192,688,4,5094937,5094937,35506192,30411255,30411255,791573,29619682,1,0
35518307,711,4,5229011,5229011,35518307,30289296,30289296,60458,30228838,1,0
35549624,250,4,2763451,2763451,35549624,32786173,32786173,22307726,10478447,1,0
35557604,725,4,5327676,5327676,35557604,30229928,30229928,42340,30187588,1,0
35558598,712,4,5281170,5281170,35558598,30277428,30277428,54816,30222612,1,0
35598863,609,4,4808564,4808564,35598863,30790299,30790299,3961481,26828818,1,0
35605728,710,4,5225360,5225360,35605728,30380368,30380368,157657,30222711,1,0
35640836,746,4,5496314,5496314,35640836,30144522,30144522,44383,30100139,1,0
35842148,681,4,5033338,5033338,35842148,30808810,30808810,1382178,29426632,1,0
35880290,749,4,5606601,5606601,35880290,30273689,30273689,40552,30233137,1,0
35956071,683,4,5060896,5060896,35956071,30895175,30895175,1379959,29515216,1,0
35991901,729,4,5377007,5377007,35991901,30614894,30614894,436329,30178565,1,0
36002927,759,4,5867383,5867383,36002927,30135544,30135544,49119,30086425,1,0
36090342,325,1,3124356,3124356,36090342,32965986,32965986,32965986,0,0,0
36147545,761,4,5869869,5869869,36147545,30277676,30277676,147398,30130278,1,0
36222539,766,4,6000093,6000093,36222539,30222446,30222446,134234,30088212,1,0
36310680,701,4,5202844,5202844,36310680,31107836,31107836,1032254,30075582,1,0
36356171,768,4,6003339,6003339,36356171,30352832,30352832,136347,30216485,1,0
36415795,780,4,6030204,6030204,36415795,30385591,30385591,62282,30323309,1,0
36440859,730,4,5377437,5377437,36440859,31063422,31063422,885263,30178159,1,0
36518167,782,4,6048024,6048024,36518167,30470143,30470143,80447,30389696,1,0
36633096,783,4,6048560,6048560,36633096,30584536,30584536,117532,30467004,1,0
36727751,781,4,6043848,6043848,36727751,30683903,30683903,314366,30369537,1,0
36747329,626,4,4847985,4847985,36747329,31899344,31899344,4097699,27801645,1,0
37129485,564,4,4695321,4695321,37129485,32434164,32434164,7816159,24618005,1,0
37136291,779,4,6030042,6030042,37136291,31106249,31106249,828431,30277818,1,0
37225335,795,4,6115194,6115194,37225335,31110141,31110141,98888,31011253,1,0
37235621,797,4,6124364,6124364,37235621,31111257,31111257,12696,31098561,1,0
37674730,611,4,4810870,4810870,37674730,32863860,32863860,5860561,27003299,1,0
37796024,691,4,5110027,5110027,37796024,32685997,32685997,2656587,30029410,1,0
38382244,790,4,6069134,6069134,38382244,32313110,32313110,1752086,30561024,1,0
38556260,690,4,5109224,5109224,38556260,33447036,33447036,3432779,30014257,1,0
38717366,689,4,5096136,5096136,38717366,33621230,33621230,3808155,29813075,1,0
38840870,800,4,6133139,6133139,38840870,32707731,32707731,1047247,31660484,1,0
38858313,468,4,4145383,4145383,38858313,34712930,34712930,15083005,19629925,1,0
38897417,796,4,6115474,6115474,38897417,32781943,32781943,1763884,31018059,1,0
38950128,812,4,6210317,6210317,38950128,32739811,32739811,112245,32627566,1,0
39084276,682,4,5039503,5039503,39084276,34044773,34044773,4578213,29466560,1,0
39190831,816,4,6391532,6391532,39190831,32799299,32799299,108965,32690334,1,0
39387704,798,4,6127246,6127246,39387704,33260458,33260458,2154493,31105965,1,0
39390794,818,4,6419769,6419769,39390794,32971025,32971025,202834,32768191,1,0
39410189,819,4,6419775,6419775,39410189,32990414,32990414,25350,32965064,1,0
39437978,837,4,6462106,6462106,39437978,32975872,32975872,30388,32945484,1,0
39755833,677,4,5013472,5013472,39755833,34742361,34742361,5559833,29182528,1,0
39807992,450,4,4094914,4094914,39807992,35713078,35713078,16902921,18810157,1,0
39910938,521,4,4395791,4395791,39910938,35515147,35515147,13702262,21812885,1,0
40131126,801,4,6134724,6134724,40131126,33996402,33996402,1751752,32244650,1,0
40637290,815,4,6311061,6311061,40637290,34326229,34326229,1690028,32636201,1,0
40733904,554,4,4592449,4592449,40733904,36141455,36141455,12100057,24041398,1,0
41319267,814,4,6311058,6311058,41319267,35008209,35008209,2424719,32583490,1,0
41447931,528,4,4409989,4409989,41447931,37037942,37037942,14860898,22177044,1,0
41496475,324,4,3118878,3118878,41496475,38377597,38377597,25177976,13199621,1,0
41530404,852,4,6487491,6487491,41530404,35042913,35042913,84732,34958181,1,0
41535379,854,4,6489750,6489750,41535379,35045629,35045629,6816,35038813,1,0
41558259,855,4,6490265,6490265,41558259,35067994,35067994,24761,35043233,1,0
41655694,856,4,6492062,6492062,41655694,35163632,35163632,100354,35063278,1,0
41694012,847,4,6479879,6479879,41694012,35214133,35214133,1058543,34155590,1,0
41734952,857,4,6492146,6492146,41734952,35242806,35242806,82093,35160713,1,0
41749563,840,4,6464705,6464705,41749563,35284858,35284858,1943981,33340877,1,0
41804991,863,4,6499715,6499715,41804991,35305276,35305276,113288,35191988,1,0
41843316,866,4,6502676,6502676,41843316,35340640,35340640,40513,35300127,1,0
41942231,838,4,6462488,6462488,41942231,35479743,35479743,2506470,32973273,1,0
41942780,868,4,6502828,6502828,41942780,35439952,35439952,2585,35437367,1,0
42031628,864,4,6499717,6499717,42031628,35531911,35531911,298983,35232928,1,0
42058469,867,4,6502825,6502825,42058469,35555644,35555644,217192,35338452,1,0
42061710,874,4,6512848,6512848,42061710,35548862,35548862,5651,35543211,1,0
42071386,767,4,6000849,6000849,42071386,36070537,36070537,5926331,30144206,1,0
42115058,875,4,6521844,6521844,42115058,35593214,35593214,55761,35537453,1,0
42250165,865,4,6502024,6502024,42250165,35748141,35748141,502640,35245501,1,0
42356664,851,4,6481867,6481867,42356664,35874797,35874797,1039896,34834901,1,0
42386865,878,4,6532776,6532776,42386865,35854089,35854089,138580,35715509,1,0
42430216,792,4,6083650,6083650,42430216,36346566,36346566,5685297,30661269,1,0
42464053,853,4,6487495,6487495,42464053,35976558,35976558,969833,35006725,1,0
42498309,890,4,6553670,6553670,42498309,35944639,35944639,36537,35908102,1,0
42507789,891,4,6554537,6554537,42507789,35953252,35953252,11554,35941698,1,0
42683173,606,4,4804855,4804855,42683173,37878318,37878318,11141262,26737056,1,0
42691054,893,4,6557206,6557206,42691054,36133848,36133848,10450,36123398,1,0
42692877,894,4,6572542,6572542,42692877,36120335,36120335,3700,36116635,1,0
42890449,889,4,6552894,6552894,42890449,36337555,36337555,462677,35874878,1,0
42932712,909,4,6636792,6636792,42932712,36295920,36295920,44673,36251247,1,0
42968613,747,4,5530356,5530356,42968613,37438257,37438257,7365794,30072463,1,0
42983941,839,4,6462515,6462515,42983941,36521426,36521426,3230298,33291128,1,0
42989850,892,4,6555338,6555338,42989850,36434512,36434512,483929,35950583,1,0
42992325,872,4,6512847,6512847,42992325,36479478,36479478,1051956,35427522,1,0
42993197,916,4,6652113,6652113,42993197,36341084,36341084,3915,36337169,1,0
42998294,917,4,6652401,6652401,42998294,36345893,36345893,7852,36338041,1,0
43004171,913,4,6648404,6648404,43004171,36355767,36355767,37946,36317821,1,0
43005450,910,4,6642379,6642379,43005450,36363071,36363071,75882,36287189,1,0
43037477,918,4,6659693,6659693,43037477,36377784,36377784,41593,36336191,1,0
43064294,915,4,6650792,6650792,43064294,36413502,36413502,76794,36336708,1,0
43087659,926,4,6695125,6695125,43087659,36392534,36392534,52592,36339942,1,0
43090014,928,4,6719753,6719753,43090014,36370261,36370261,28130,36342131,1,0
43102965,846,4,6479878,6479878,43102965,36623087,36623087,2973661,33649426,1,0
43186035,933,4,6888749,6888749,43186035,36297286,36297286,85166,36212120,1,0
43287902,888,4,6552690,6552690,43287902,36735212,36735212,902884,35832328,1,0
43308853,929,4,6726597,6726597,43308853,36582256,36582256,223107,36359149,1,0
43348454,229,4,2574992,2574992,43348454,40773462,40773462,31180278,9593184,1,0
43382757,879,4,6533296,6533296,43382757,36849461,36849461,1029232,35820229,1,0
43392229,962,4,7337415,7337415,43392229,36054814,36054814,45914,36008900,1,0
43441380,914,4,6650154,6650154,43441380,36791226,36791226,459324,36331902,1,0
43477718,945,4,7008416,7008416,43477718,36469302,36469302,192813,36276489,1,0
43588028,876,4,6521855,6521855,43588028,37066173,37066173,1519044,35547129,1,0
43702959,934,4,6890032,6890032,43702959,36812927,36812927,519882,36293045,1,0
43829747,925,4,6688327,6688327,43829747,37141420,37141420,827050,36314370,1,0
43855700,930,4,6727697,6727697,43855700,37128003,37128003,768096,36359907,1,0
43956445,848,4,6481379,6481379,43956445,37475066,37475066,3225528,34249538,1,0
44046503,628,4,4867324,4867324,44046503,39179179,39179179,11295332,27883847,1,0
44308149,811,4,6205706,6205706,44308149,38102443,38102443,5593193,32509250,1,0
44486759,919,4,6668807,6668807,44486759,37817952,37817952,1484971,36332981,1,0
44722620,444,4,4040789,4040789,44722620,40681831,40681831,22996272,17685559,1,0
45429686,791,4,6069250,6069250,45429686,39360436,39360436,8704757,30655679,1,0
46295216,908,4,6631279,6631279,46295216,39663937,39663937,3604749,36059188,1,0
47134263,964,4,7354701,7354701,47134263,39779562,39779562,3744444,36035118,1,0
47437702,802,4,6134728,6134728,47437702,41302974,41302974,8884308,32418666,1,0
48170819,877,4,6532476,6532476,48170819,41638343,41638343,6057799,35580544,1,0
48640936,748,4,5530424,5530424,48640936,43110512,43110512,13002941,30107571,1,0
48685908,760,4,5869646,5869646,48685908,42816262,42816262,12697010,30119252,1,0
49097998,758,4,5867365,5867365,49097998,43230633,43230633,13219989,30010644,1,0
49237213,728,4,5376990,5376990,49237213,43860223,43860223,13689638,30170585,1,0
49348493,836,4,6462101,6462101,49348493,42886392,42886392,9960303,32926089,1,0
49381969,563,4,4695290,4695290,49381969,44686679,44686679,20345284,24341395,1,0
50048504,370,4,3592464,3592464,50048504,46456040,46456040,32198056,14257984,1,0
50937863,873,4,6512848,6512848,50937863,44425015,44425015,8908645,35516370,1,0
51975184,799,4,6133054,6133054,51975184,45842130,45842130,14302940,31539190,1,0
52617937,813,4,6210513,6210513,52617937,46407424,46407424,13762415,32645009,1,0
52744862,946,4,7008630,7008630,52744862,45736232,45736232,9438792,36297440,1,0
54329784,963,4,7337591,7337591,54329784,46992193,46992193,10948990,36043203,1,0
59544035,843,4,6468333,6468333,59544035,53075702,53075702,19635507,33440195,1,0
61465428,559,4,4639376,4639376,61465428,56826052,56826052,32603664,24222388,1,0
68967618,684,4,5060912,5060912,68967618,63906706,63906706,34277232,29629474,1,0
91370911,585,4,4744480,4744480,91370911,86626431,86626431,60514685,26111746,1,0
