time,job_id,num_gpu,submit_time,start_time,end_time,executed_time,JCT,duration,pending_time,preempt,promote
524706,4,8,512614,512614,524706,12092,12092,12092,0,0,0
559303,1,4,1456,1456,559303,557847,557847,557847,0,0,0
566163,7,8,542432,542432,566163,23731,23731,23731,0,0,0
597706,8,8,589714,589714,597706,7992,7992,7992,0,0,0
700895,16,8,680163,680163,700895,20732,20732,20732,0,0,0
710452,9,8,665621,665621,710452,44831,44831,44831,0,0,0
711640,15,8,680146,680146,711640,31494,31494,31494,0,0,0
872119,17,1,773814,773814,872119,98305,98305,98305,0,0,0
1017657,18,8,895207,895207,1017657,122450,122450,122450,0,0,0
1088393,24,8,972336,972336,1088393,116057,116057,116057,0,0,0
1122388,23,1,943298,943298,1122388,179090,179090,179090,0,0,0
1172065,19,8,929584,929584,1172065,242481,242481,242481,0,0,0
1209494,38,8,1207098,1207098,1209494,2396,2396,2396,0,0,0
1217530,37,8,1205035,1205035,1217530,12495,12495,12495,0,0,0
1224367,39,8,1209098,1209098,1224367,15269,15269,15269,0,0,0
1233895,41,4,1222021,1222021,1233895,11874,11874,11874,0,0,0
1293989,32,8,1198208,1198208,1293989,95781,95781,79321,16460,2,0
1294832,47,8,1288816,1288816,1294832,6016,6016,6016,0,0,0
1319802,30,8,1198165,1198165,1319802,121637,121637,102959,18678,2,0
1334289,40,8,1212768,1212768,1334289,121521,121521,96192,25329,3,0
1362931,53,8,1362087,1362087,1362931,844,844,844,0,0,0
1367580,55,8,1366817,1366817,1367580,763,763,763,0,0,0
1371382,54,8,1363741,1363741,1371382,7641,7641,7641,0,0,0
1379426,48,8,1300065,1300065,1379426,79361,79361,79361,0,0,0
1382774,58,8,1379974,1379974,1382774,2800,2800,2800,0,0,0
1404657,57,32,1379074,1379074,1404657,25583,25583,25583,0,0,0
1414222,49,8,1300853,1300853,1414222,113369,113369,95969,17400,1,0
1437296,64,8,1408253,1408253,1437296,29043,29043,29043,0,0,0
1450124,52,8,1361647,1361647,1450124,88477,88477,71077,17400,1,0
1455344,65,8,1435521,1435521,1455344,19823,19823,19823,0,0,0
1468415,72,8,1461874,1461874,1468415,6541,6541,6541,0,0,0
1470164,70,8,1453262,1453262,1470164,16902,16902,16902,0,0,0
1479908,71,8,1457822,1457822,1479908,22086,22086,22086,0,0,0
1546669,83,8,1529623,1529623,1546669,17046,17046,17046,0,0,0
1553082,85,8,1536518,1536518,1553082,16564,16564,15967,597,1,0
1566092,82,8,1499394,1499394,1566092,66698,66698,62725,3973,2,0
1660828,86,8,1545400,1545400,1660828,115428,115428,114851,577,1,0
1666589,66,8,1441858,1441858,1666589,224731,224731,98920,125811,2,0
1890377,62,8,1385826,1385826,1890377,504551,504551,231329,273222,2,0
1976114,111,8,1971303,1971303,1976114,4811,4811,4811,0,0,0
1981249,2,4,352430,352430,1981249,1628819,1628819,981830,646989,9,0
1989501,116,8,1987448,1987448,1989501,2053,2053,2053,0,0,0
1990266,108,8,1968479,1968479,1990266,21787,21787,21787,0,0,0
1997661,107,8,1963257,1963257,1997661,34404,34404,34404,0,0,0
2085800,124,1,2080187,2080187,2085800,5613,5613,5613,0,0,0
2109633,117,8,1991832,1991832,2109633,117801,117801,117801,0,0,0
2125504,125,8,2092764,2092764,2125504,32740,32740,32740,0,0,0
2146542,126,8,2131377,2131377,2146542,15165,15165,15165,0,0,0
2183694,122,8,2064450,2064450,2183694,119244,119244,119244,0,0,0
2189127,133,8,2187386,2187386,2189127,1741,1741,1741,0,0,0
2278010,140,8,2235073,2235073,2278010,42937,42937,42937,0,0,0
2351000,134,8,2189193,2189193,2351000,161807,161807,161807,0,0,0
2351264,141,1,2347736,2347736,2351264,3528,3528,3528,0,0,0
2364485,128,1,2159458,2159458,2364485,205027,205027,205027,0,0,0
2396295,131,1,2168059,2168059,2396295,228236,228236,228236,0,0,0
2469521,142,8,2352139,2352139,2469521,117382,117382,117382,0,0,0
2486826,115,16,1986862,1986862,2486826,499964,499964,128223,371741,5,0
2533728,151,8,2533111,2533111,2533728,617,617,617,0,0,0
2576786,156,1,2569772,2569772,2576786,7014,7014,7014,0,0,0
2580765,159,1,2575880,2575880,2580765,4885,4885,4885,0,0,0
2593298,165,1,2575958,2575958,2593298,17340,17340,17340,0,0,0
2596295,157,1,2575861,2575861,2596295,20434,20434,20434,0,0,0
2609877,160,1,2575888,2575888,2609877,33989,33989,33989,0,0,0
2622752,154,8,2567407,2567407,2622752,55345,55345,55345,0,0,0
2629052,162,1,2575928,2575928,2629052,53124,53124,53124,0,0,0
2678922,174,8,2671796,2671796,2678922,7126,7126,7126,0,0,0
2680629,161,1,2575898,2575898,2680629,104731,104731,104731,0,0,0
2716931,164,1,2575948,2575948,2716931,140983,140983,140983,0,0,0
2726920,163,1,2575937,2575937,2726920,150983,150983,150983,0,0,0
2784343,106,2,1933693,1933693,2784343,850650,850650,850650,0,0,0
2790211,176,8,2693483,2693483,2790211,96728,96728,76743,19985,1,0
2798015,170,8,2648030,2648030,2798015,149985,149985,131024,18961,2,0
2823550,171,8,2665170,2665170,2823550,158380,158380,152512,5868,1,0
2834297,181,8,2763952,2763952,2834297,70345,70345,70345,0,0,0
2839099,158,1,2575871,2575871,2839099,263228,263228,263228,0,0,0
2840104,177,8,2739679,2739679,2840104,100425,100425,100425,0,0,0
2898150,132,1,2183382,2183382,2898150,714768,714768,714768,0,0,0
2957350,153,8,2561473,2561473,2957350,395877,395877,287657,108220,2,0
3053769,188,32,3003988,3003988,3053769,49781,49781,39085,10696,1,0
3113847,198,8,3010664,3010664,3113847,103183,103183,103183,0,0,0
3127231,195,8,3009785,3009785,3127231,117446,117446,117446,0,0,0
3146862,200,1,3085485,3085485,3146862,61377,61377,61377,0,0,0
3185580,202,2,3184949,3184949,3185580,631,631,631,0,0,0
3210864,199,8,3021360,3021360,3210864,189504,189504,189504,0,0,0
3234179,205,8,3208775,3208775,3234179,25404,25404,25404,0,0,0
3284419,212,1,3280677,3280677,3284419,3742,3742,3742,0,0,0
3300443,166,1,2575975,2575975,3300443,724468,724468,723596,872,1,0
3335076,213,8,3302269,3302269,3335076,32807,32807,32807,0,0,0
3365592,215,1,3347810,3347810,3365592,17782,17782,17782,0,0,0
3449692,214,1,3347678,3347678,3449692,102014,102014,102014,0,0,0
3696764,223,32,3694824,3694824,3696764,1940,1940,1940,0,0,0
3714005,187,32,3000184,3000184,3714005,713821,713821,77628,636193,4,0
3782679,225,1,3723295,3723295,3782679,59384,59384,59384,0,0,0
3790577,67,8,1441922,1441922,3790577,2348655,2348655,279959,2068696,11,0
3825374,228,32,3780749,3780749,3825374,44625,44625,44625,0,0,0
3875690,233,8,3869987,3869987,3875690,5703,5703,5703,0,0,0
3938331,201,2,3173344,3173344,3938331,764987,764987,764987,0,0,0
3950376,235,8,3949328,3949328,3950376,1048,1048,1048,0,0,0
3952728,232,8,3815828,3815828,3952728,136900,136900,136900,0,0,0
4077692,238,8,4031998,4031998,4077692,45694,45694,45694,0,0,0
4198195,247,8,4095598,4095598,4198195,102597,102597,102597,0,0,0
4225964,251,32,4199711,4199711,4225964,26253,26253,26253,0,0,0
4239978,252,1,4221357,4221357,4239978,18621,18621,18621,0,0,0
4254732,256,8,4234303,4234303,4254732,20429,20429,20429,0,0,0
4260765,259,8,4258673,4258673,4260765,2092,2092,2092,0,0,0
4270406,260,8,4259031,4259031,4270406,11375,11375,11375,0,0,0
4284505,258,8,4258552,4258552,4284505,25953,25953,25953,0,0,0
4289411,261,8,4261348,4261348,4289411,28063,28063,28063,0,0,0
4299086,266,8,4296879,4296879,4299086,2207,2207,2207,0,0,0
4306110,275,8,4302372,4302372,4306110,3738,3738,3738,0,0,0
4323746,272,8,4302316,4302316,4323746,21430,21430,21430,0,0,0
4335498,274,8,4302344,4302344,4335498,33154,33154,33154,0,0,0
4335979,280,8,4326892,4326892,4335979,9087,9087,9087,0,0,0
4342793,263,8,4288473,4288473,4342793,54320,54320,54320,0,0,0
4344937,283,8,4344304,4344304,4344937,633,633,633,0,0,0
4357532,269,8,4297062,4297062,4357532,60470,60470,60470,0,0,0
4363997,286,8,4357299,4357299,4363997,6698,6698,6698,0,0,0
4390962,273,8,4302322,4302322,4390962,88640,88640,88640,0,0,0
4414235,291,1,4396907,4396907,4414235,17328,17328,17328,0,0,0
4416070,277,1,4315128,4315128,4416070,100942,100942,100942,0,0,0
4417535,279,8,4324936,4324936,4417535,92599,92599,75596,17003,2,0
4418350,296,8,4405380,4405380,4418350,12970,12970,12970,0,0,0
4493845,301,1,4489380,4489380,4493845,4465,4465,4465,0,0,0
4510431,304,8,4502258,4502258,4510431,8173,8173,8173,0,0,0
4519155,305,8,4517911,4517911,4519155,1244,1244,1244,0,0,0
4520056,310,8,4519286,4519286,4520056,770,770,770,0,0,0
4522079,307,8,4518440,4518440,4522079,3639,3639,3639,0,0,0
4528692,309,8,4518933,4518933,4528692,9759,9759,9759,0,0,0
4532879,313,8,4524203,4524203,4532879,8676,8676,8676,0,0,0
4535354,314,8,4524230,4524230,4535354,11124,11124,11124,0,0,0
4540448,315,8,4524238,4524238,4540448,16210,16210,16210,0,0,0
4545480,303,1,4494659,4494659,4545480,50821,50821,50821,0,0,0
4560037,312,8,4524192,4524192,4560037,35845,35845,35845,0,0,0
4566470,302,2,4491418,4491418,4566470,75052,75052,75052,0,0,0
4571587,289,8,4396331,4396331,4571587,175256,175256,140571,34685,5,0
4575218,320,1,4565596,4565596,4575218,9622,9622,9622,0,0,0
4580714,318,1,4562297,4562297,4580714,18417,18417,18417,0,0,0
4622035,321,8,4603845,4603845,4622035,18190,18190,18190,0,0,0
4646864,308,8,4518676,4518676,4646864,128188,128188,128188,0,0,0
4650530,319,1,4562735,4562735,4650530,87795,87795,87795,0,0,0
4669905,311,8,4520722,4520722,4669905,149183,149183,149183,0,0,0
4688509,306,8,4518167,4518167,4688509,170342,170342,170342,0,0,0
4700252,328,8,4687814,4687814,4700252,12438,12438,12438,0,0,0
4701928,242,1,4089062,4089062,4701928,612866,612866,612866,0,0,0
4779540,323,8,4661051,4661051,4779540,118489,118489,118489,0,0,0
4785134,338,8,4780877,4780877,4785134,4257,4257,4257,0,0,0
4804462,327,8,4687811,4687811,4804462,116651,116651,116651,0,0,0
4810580,336,8,4759010,4759010,4810580,51570,51570,51570,0,0,0
4810878,334,8,4751881,4751881,4810878,58997,58997,58997,0,0,0
4813737,337,8,4759014,4759014,4813737,54723,54723,54723,0,0,0
4819447,341,8,4814673,4814673,4819447,4774,4774,4774,0,0,0
4843757,333,8,4751873,4751873,4843757,91884,91884,91884,0,0,0
4877914,292,1,4397285,4397285,4877914,480629,480629,480629,0,0,0
4905619,332,8,4725976,4725976,4905619,179643,179643,179643,0,0,0
4912522,282,8,4343615,4343615,4912522,568907,568907,205486,363421,10,0
4941862,343,8,4935698,4935698,4941862,6164,6164,6164,0,0,0
4957357,339,8,4814491,4814491,4957357,142866,142866,142866,0,0,0
4966040,347,8,4945345,4945345,4966040,20695,20695,20695,0,0,0
4974815,346,8,4942249,4942249,4974815,32566,32566,32566,0,0,0
4996465,175,1,2672949,2672949,4996465,2323516,2323516,2213856,109660,7,0
4999518,353,8,4995385,4995385,4999518,4133,4133,4133,0,0,0
5001101,354,8,4996513,4996513,5001101,4588,4588,4588,0,0,0
5001299,356,8,4997990,4997990,5001299,3309,3309,3309,0,0,0
5007882,367,32,5006163,5006163,5007882,1719,1719,894,825,1,0
5009229,363,8,5006129,5006129,5009229,3100,3100,3100,0,0,0
5038913,372,8,5020578,5020578,5038913,18335,18335,18335,0,0,0
5040449,348,8,4988524,4988524,5040449,51925,51925,24562,27363,4,0
5045520,366,32,5006158,5006158,5045520,39362,39362,10780,28582,4,0
5047551,351,8,4994587,4994587,5047551,52964,52964,30575,22389,4,0
5090642,342,1,4931129,4931129,5090642,159513,159513,159411,102,1,0
5110294,376,1,5073789,5073789,5110294,36505,36505,36505,0,0,0
5111618,377,1,5081896,5081896,5111618,29722,29722,29722,0,0,0
5135632,384,8,5125628,5125628,5135632,10004,10004,10004,0,0,0
5135658,382,8,5125621,5125621,5135658,10037,10037,10037,0,0,0
5152827,378,8,5081986,5081986,5152827,70841,70841,70841,0,0,0
5152949,380,8,5103828,5103828,5152949,49121,49121,49121,0,0,0
5152954,371,8,5020574,5020574,5152954,132380,132380,83076,49304,1,0
5157466,385,8,5156232,5156232,5157466,1234,1234,1234,0,0,0
5172474,386,8,5160256,5160256,5172474,12218,12218,12218,0,0,0
5180869,364,8,5006133,5006133,5180869,174736,174736,91209,83527,3,0
5181239,389,8,5177565,5177565,5181239,3674,3674,3674,0,0,0
5286196,394,8,5203304,5203304,5286196,82892,82892,82892,0,0,0
5353960,350,1,4989789,4989789,5353960,364171,364171,363391,780,2,0
5372621,365,32,5006155,5006155,5372621,366466,366466,51100,315366,8,0
5398053,344,8,4935946,4935946,5398053,462107,462107,162993,299114,7,0
5417444,297,1,4410658,4410658,5417444,1006786,1006786,1006006,780,2,0
5436305,402,8,5428045,5428045,5436305,8260,8260,8260,0,0,0
5437475,401,8,5428042,5428042,5437475,9433,9433,9433,0,0,0
5443994,349,8,4988585,4988585,5443994,455409,455409,179606,275803,10,0
5450684,404,1,5448204,5448204,5450684,2480,2480,2480,0,0,0
5478487,352,8,4995038,4995038,5478487,483449,483449,207829,275620,7,0
5481104,406,8,5450756,5450756,5481104,30348,30348,30348,0,0,0
5505352,409,32,5500582,5500582,5505352,4770,4770,4770,0,0,0
5512408,278,1,4318284,4318284,5512408,1194124,1194124,1193344,780,2,0
5525170,410,32,5500589,5500589,5525170,24581,24581,24581,0,0,0
5558303,407,8,5498736,5498736,5558303,59567,59567,57765,1802,1,0
5617715,429,8,5611873,5611873,5617715,5842,5842,5842,0,0,0
5635468,428,4,5606701,5606701,5635468,28767,28767,28767,0,0,0
5641501,426,8,5526213,5526213,5641501,115288,115288,115288,0,0,0
5676298,427,1,5604341,5604341,5676298,71957,71957,71957,0,0,0
5723923,433,8,5678408,5678408,5723923,45515,45515,45515,0,0,0
5741743,434,4,5694659,5694659,5741743,47084,47084,47084,0,0,0
5782888,403,4,5448068,5448068,5782888,334820,334820,327389,7431,2,0
5845814,435,1,5700199,5700199,5845814,145615,145615,145615,0,0,0
5903608,437,8,5708753,5708753,5903608,194855,194855,194855,0,0,0
5920047,438,8,5708757,5708757,5920047,211290,211290,211290,0,0,0
5997628,381,8,5103846,5103846,5997628,893782,893782,290093,603689,11,0
6123051,276,2,4314048,4314048,6123051,1809003,1809003,1470346,338657,9,0
6158461,445,8,6025188,6025188,6158461,133273,133273,133273,0,0,0
6169760,451,8,6168786,6168786,6169760,974,974,974,0,0,0
6191476,453,8,6169176,6169176,6191476,22300,22300,22300,0,0,0
6265760,454,8,6254582,6254582,6265760,11178,11178,11178,0,0,0
6270563,452,8,6168884,6168884,6270563,101679,101679,101679,0,0,0
6280368,456,8,6254600,6254600,6280368,25768,25768,25768,0,0,0
6286399,317,8,4549316,4549316,6286399,1737083,1737083,250260,1486823,6,0
6309040,455,8,6254586,6254586,6309040,54454,54454,54454,0,0,0
6331022,285,8,4355239,4355239,6331022,1975783,1975783,271084,1704699,15,0
6471269,450,8,6168349,6168349,6471269,302920,302920,302920,0,0,0
6511791,464,32,6502921,6502921,6511791,8870,8870,8548,322,2,0
6540116,477,32,6529219,6529219,6540116,10897,10897,6913,3984,2,0
6541225,472,32,6528388,6528388,6541225,12837,12837,2260,10577,6,0
6548060,476,32,6528442,6528442,6548060,19618,19618,8988,10630,5,0
6549537,480,32,6530869,6530869,6549537,18668,18668,4772,13896,1,0
6552051,470,32,6528322,6528322,6552051,23729,23729,8171,15558,6,0
6553341,482,32,6534164,6534164,6553341,19177,19177,7242,11935,1,0
6566268,479,32,6529964,6529964,6566268,36304,36304,21891,14413,2,0
6580474,478,32,6529901,6529901,6580474,50573,50573,23340,27233,3,0
6602856,467,32,6502977,6502977,6602856,99879,99879,39434,60445,3,0
6665076,465,32,6502941,6502941,6665076,162135,162135,70801,91334,4,0
6713882,405,1,5448702,5448702,6713882,1265180,1265180,1163676,101504,2,0
6728292,474,32,6528415,6528415,6728292,199877,199877,34233,165644,7,0
6740701,484,1,6739370,6739370,6740701,1331,1331,1331,0,0,0
6753652,483,1,6738661,6738661,6753652,14991,14991,14991,0,0,0
6760609,370,1,5012390,5012390,6760609,1748219,1748219,1621258,126961,4,0
6787610,326,8,4687806,4687806,6787610,2099804,2099804,286177,1813627,9,0
6796218,487,8,6774169,6774169,6796218,22049,22049,22049,0,0,0
6820466,489,4,6806776,6806776,6820466,13690,13690,13690,0,0,0
6861771,493,8,6817841,6817841,6861771,43930,43930,43930,0,0,0
6862298,448,8,6111283,6111283,6862298,751015,751015,282296,468719,2,0
6869386,268,8,4296986,4296986,6869386,2572400,2572400,290075,2282325,27,0
6895725,491,8,6817147,6817147,6895725,78578,78578,78578,0,0,0
6913296,504,8,6911191,6911191,6913296,2105,2105,2105,0,0,0
6916686,505,8,6915290,6915290,6916686,1396,1396,1396,0,0,0
6935106,236,8,3950721,3950721,6935106,2984385,2984385,288754,2695631,10,0
6935712,507,8,6931848,6931848,6935712,3864,3864,3864,0,0,0
6946813,506,4,6915524,6915524,6946813,31289,31289,31289,0,0,0
6950046,500,4,6906477,6906477,6950046,43569,43569,43569,0,0,0
6958278,499,1,6832918,6832918,6958278,125360,125360,125360,0,0,0
6968172,502,1,6909082,6909082,6968172,59090,59090,59090,0,0,0
6976932,485,1,6739551,6739551,6976932,237381,237381,237381,0,0,0
7003355,490,8,6817138,6817138,7003355,186217,186217,186217,0,0,0
7058984,508,8,6932130,6932130,7058984,126854,126854,126854,0,0,0
7073713,113,8,1978758,1978758,7073713,5094955,5094955,302993,4791962,3,0
7131160,503,8,6910110,6910110,7131160,221050,221050,221050,0,0,0
7161999,488,1,6804949,6804949,7161999,357050,357050,357050,0,0,0
7168221,509,1,6977272,6977272,7168221,190949,190949,190949,0,0,0
7174376,293,8,4403339,4403339,7174376,2771037,2771037,295429,2475608,17,0
7244697,322,8,4635387,4635387,7244697,2609310,2609310,365157,2244153,5,0
7279377,432,8,5678402,5678402,7279377,1600975,1600975,323565,1277410,4,0
7325043,511,8,7293462,7293462,7325043,31581,31581,31581,0,0,0
7338458,513,8,7324131,7324131,7338458,14327,14327,14327,0,0,0
7345849,253,1,4221911,4221911,7345849,3123938,3123938,2996875,127063,5,0
7347163,515,1,7334402,7334402,7347163,12761,12761,12761,0,0,0
7357607,510,8,7293344,7293344,7357607,64263,64263,64263,0,0,0
7363232,520,8,7352063,7352063,7363232,11169,11169,11169,0,0,0
7400947,517,1,7339932,7339932,7400947,61015,61015,61015,0,0,0
7410320,519,1,7340612,7340612,7410320,69708,69708,69708,0,0,0
7410570,516,1,7339906,7339906,7410570,70664,70664,70664,0,0,0
7443487,518,1,7340449,7340449,7443487,103038,103038,103038,0,0,0
7541764,362,8,5006125,5006125,7541764,2535639,2535639,409708,2125931,22,0
7594719,497,1,6828268,6828268,7594719,766451,766451,766451,0,0,0
7599341,461,8,6499021,6499021,7599341,1100320,1100320,312686,787634,8,0
7658340,514,8,7329044,7329044,7658340,329296,329296,329296,0,0,0
7725814,105,8,1818396,1818396,7725814,5907418,5907418,383237,5524181,6,0
7730648,224,32,3702669,3702669,7730648,4027979,4027979,82914,3945065,1,0
7797567,457,8,6365548,6365548,7797567,1432019,1432019,379831,1052188,6,0
7803139,498,1,6828288,6828288,7803139,974851,974851,974851,0,0,0
7934813,524,8,7932314,7932314,7934813,2499,2499,2499,0,0,0
7936342,375,32,5020989,5020989,7936342,2915353,2915353,82664,2832689,8,0
7952225,100,8,1741404,1741404,7952225,6210821,6210821,343306,5867515,24,0
8011083,529,8,7987121,7987121,8011083,23962,23962,23962,0,0,0
8023034,525,8,7962000,7962000,8023034,61034,61034,61034,0,0,0
8038744,530,8,7997757,7997757,8038744,40987,40987,40987,0,0,0
8058692,290,8,4396392,4396392,8058692,3662300,3662300,355601,3306699,25,0
8092568,523,1,7894819,7894819,8092568,197749,197749,197749,0,0,0
8146047,532,8,8141054,8141054,8146047,4993,4993,4993,0,0,0
8188640,526,1,7974515,7974515,8188640,214125,214125,214125,0,0,0
8597419,527,1,7975556,7975556,8597419,621863,621863,621863,0,0,0
8663442,528,1,7976735,7976735,8663442,686707,686707,686707,0,0,0
8702195,135,8,2190963,2190963,8702195,6511232,6511232,388496,6122736,10,0
8704362,59,8,1382142,1382142,8704362,7322220,7322220,357515,6964705,20,0
8709598,152,8,2535022,2535022,8709598,6174576,6174576,361022,5813554,8,0
8851558,243,8,4095543,4095543,8851558,4756015,4756015,496939,4259076,8,0
9072583,494,8,6817860,6817860,9072583,2254723,2254723,575937,1678786,5,0
9550935,102,8,1789807,1789807,9550935,7761128,7761128,838001,6923127,21,0
10283735,210,8,3267778,3267778,10283735,7015957,7015957,1090925,5925032,1,0
10358071,459,8,6394624,6394624,10358071,3963447,3963447,435958,3527489,8,0
10702177,330,8,4725969,4725969,10702177,5976208,5976208,708987,5267221,12,0
10806790,186,32,2959239,2959239,10806790,7847551,7847551,197479,7650072,6,0
10878704,522,1,7894655,7894655,10878704,2984049,2984049,2984049,0,0,0
10888717,486,8,6765853,6765853,10888717,4122864,4122864,389655,3733209,4,0
10897672,462,8,6499094,6499094,10897672,4398578,4398578,390231,4008347,11,0
10981287,475,32,6528428,6528428,10981287,4452859,4452859,179556,4273303,9,0
11100099,112,8,1976623,1976623,11100099,9123476,9123476,508280,8615196,15,0
11153666,492,8,6817802,6817802,11153666,4335864,4335864,443857,3892007,3,0
11784530,143,8,2352143,2352143,11784530,9432387,9432387,1023002,8409385,11,0
11819967,270,8,4302251,4302251,11819967,7517716,7517716,428459,7089257,19,0
12131551,360,8,5006087,5006087,12131551,7125464,7125464,717754,6407710,19,0
12190737,395,8,5203307,5203307,12190737,6987430,6987430,468294,6519136,17,0
12310671,271,8,4302288,4302288,12310671,8008383,8008383,533493,7474890,22,0
12514526,63,32,1387257,1387257,12514526,11127269,11127269,309069,10818200,8,0
12656328,420,32,5525972,5525972,12656328,7130356,7130356,247030,6883326,4,0
12665230,501,8,6907927,6907927,12665230,5757303,5757303,438196,5319107,5,0
12829198,264,8,4295990,4295990,12829198,8533208,8533208,601142,7932066,26,0
12854351,449,8,6116635,6116635,12854351,6737716,6737716,460178,6277538,8,0
13149320,345,8,4935954,4935954,13149320,8213366,8213366,742942,7470424,23,0
13200890,22,32,937097,937097,13200890,12263793,12263793,165678,12098115,3,0
13613429,168,8,2647617,2647617,13613429,10965812,10965812,882633,10083179,8,0
13957459,92,8,1548882,1548882,13957459,12408577,12408577,815752,11592825,17,0
14033178,114,32,1984102,1984102,14033178,12049076,12049076,198616,11850460,5,0
14118820,257,8,4235083,4235083,14118820,9883737,9883737,582214,9301523,17,0
14252530,430,8,5623444,5623444,14252530,8629086,8629086,642529,7986557,10,0
14265313,137,8,2235058,2235058,14265313,12030255,12030255,531848,11498407,8,0
14448259,182,8,2763974,2763974,14448259,11684285,11684285,714430,10969855,11,0
14496772,379,32,5086226,5086226,14496772,9410546,9410546,182391,9228155,12,0
14529250,5,8,517969,517969,14529250,14011281,14011281,603117,13408164,4,0
14567311,463,32,6502613,6502613,14567311,8064698,8064698,179569,7885129,16,0
14620136,421,8,5526185,5526185,14620136,9093951,9093951,628480,8465471,10,0
14706837,6,8,533527,533527,14706837,14173310,14173310,678351,13494959,5,0
14730980,208,8,3227576,3227576,14730980,11503404,11503404,621875,10881529,3,0
14847244,335,8,4759007,4759007,14847244,10088237,10088237,713659,9374578,16,0
14954712,123,8,2078637,2078637,14954712,12876075,12876075,724998,12151077,11,0
15093698,226,8,3724758,3724758,15093698,11368940,11368940,758712,10610228,12,0
15203692,265,8,4296830,4296830,15203692,10906862,10906862,738643,10168219,18,0
15298224,21,32,937075,937075,15298224,14361149,14361149,259568,14101581,5,0
15663780,234,8,3930863,3930863,15663780,11732917,11732917,1035897,10697020,21,0
15672989,466,32,6502960,6502960,15672989,9170029,9170029,179581,8990448,6,0
15755143,56,32,1379050,1379050,15755143,14376093,14376093,261255,14114838,18,0
15788642,237,8,3951467,3951467,15788642,11837175,11837175,753139,11084036,19,0
16075674,316,8,4549310,4549310,16075674,11526364,11526364,999715,10526649,25,0
16194741,469,32,6503276,6503276,16194741,9691465,9691465,298998,9392467,10,0
16332624,104,8,1811028,1811028,16332624,14521596,14521596,862841,13658755,29,0
16644469,439,8,6025027,6025027,16644469,10619442,10619442,1050141,9569301,12,0
16695068,130,8,2161892,2161892,16695068,14533176,14533176,801493,13731683,19,0
16862481,219,8,3639937,3639937,16862481,13222544,13222544,926726,12295818,12,0
17001916,447,8,6111079,6111079,17001916,10890837,10890837,894690,9996147,8,0
17012484,74,8,1463038,1463038,17012484,15549446,15549446,815550,14733896,15,0
17052009,10,8,665969,665969,17052009,16386040,16386040,851490,15534550,5,0
17178764,120,8,2045101,2045101,17178764,15133663,15133663,942794,14190869,10,0
17555103,397,32,5203362,5203362,17555103,12351741,12351741,584990,11766751,4,0
18336336,91,8,1548860,1548860,18336336,16787476,16787476,1638602,15148874,21,0
18975486,138,8,2235061,2235061,18975486,16740425,16740425,1501079,15239346,13,0
19077836,25,8,972341,972341,19077836,18105495,18105495,995921,17109574,15,0
19126029,217,8,3418308,3418308,19126029,15707721,15707721,965825,14741896,14,0
19204937,391,8,5181157,5181157,19204937,14023780,14023780,958258,13065522,13,0
19578390,531,8,8042503,8042503,19578390,11535887,11535887,1278346,10257541,5,0
19659220,184,8,2808341,2808341,19659220,16850879,16850879,1043570,15807309,18,0
19659792,392,8,5181178,5181178,19659792,14478614,14478614,958653,13519961,15,0
19730633,357,8,4997993,4997993,19730633,14732640,14732640,1050115,13682525,19,0
19773367,424,8,5526206,5526206,19773367,14247161,14247161,1013913,13233248,17,0
20175887,299,8,4418240,4418240,20175887,15757647,15757647,1427435,14330212,26,0
20186544,442,32,6025069,6025069,20186544,14161475,14161475,266675,13894800,5,0
20238589,300,8,4418589,4418589,20238589,15820000,15820000,1061203,14758797,25,0
20261794,415,8,5523615,5523615,20261794,14738179,14738179,1049269,13688910,17,0
20538281,42,32,1273988,1273988,20538281,19264293,19264293,544511,18719782,20,0
20628674,229,8,3799877,3799877,20628674,16828797,16828797,1133260,15695537,15,0
20690198,390,8,5180533,5180533,20690198,15509665,15509665,1113524,14396141,20,0
20736339,431,8,5678399,5678399,20736339,15057940,15057940,1095857,13962083,10,0
20852238,521,8,7384480,7384480,20852238,13467758,13467758,1166100,12301658,5,0
20961612,241,8,4039030,4039030,20961612,16922582,16922582,1197489,15725093,24,0
20961835,436,8,5708749,5708749,20961835,15253086,15253086,1096071,14157015,8,0
20985120,218,32,3625903,3625903,20985120,17359217,17359217,302060,17057157,14,0
21003993,255,8,4232574,4232574,21003993,16771419,16771419,1147437,15623982,28,0
21354932,324,8,4661056,4661056,21354932,16693876,16693876,1498977,15194899,17,0
21362075,446,8,6025207,6025207,21362075,15336868,15336868,1127316,14209552,20,0
22107170,414,8,5500647,5500647,22107170,16606523,16606523,1879553,14726970,14,0
22597590,193,8,3009771,3009771,22597590,19587819,19587819,1699941,17887878,13,0
23059825,239,8,4035377,4035377,23059825,19024448,19024448,1659723,17364725,34,0
23639630,355,8,4997986,4997986,23639630,18641644,18641644,1790670,16850974,21,0
24107778,441,32,6025060,6025060,24107778,18082718,18082718,776611,17306107,4,0
24831807,33,8,1198246,1198246,24831807,23633561,23633561,2064845,21568716,27,0
25010178,11,8,672805,672805,25010178,24337373,24337373,1586713,22750660,9,0
25028133,408,8,5500560,5500560,25028133,19527573,19527573,1416921,18110652,16,0
25068426,68,8,1447269,1447269,25068426,23621157,23621157,1729653,21891504,20,0
25560346,13,8,672933,672933,25560346,24887413,24887413,2052171,22835242,9,0
25622223,97,8,1549769,1549769,25622223,24072454,24072454,1679036,22393418,22,0
25648162,118,8,2035614,2035614,25648162,23612548,23612548,1692621,21919927,8,0
25911023,172,8,2668028,2668028,25911023,23242995,23242995,1810240,21432755,9,0
27145958,194,8,3009781,3009781,27145958,24136177,24136177,2906856,21229321,13,0
27151122,240,8,4037130,4037130,27151122,23113992,23113992,1664727,21449265,33,0
27339229,246,8,4095577,4095577,27339229,23243652,23243652,1659853,21583799,26,0
27431966,329,8,4690733,4690733,27431966,22741233,22741233,1602866,21138367,19,0
27564642,325,8,4661059,4661059,27564642,22903583,22903583,1724540,21179043,20,0
27595997,393,8,5203300,5203300,27595997,22392697,22392697,1720784,20671913,26,0
27618007,398,8,5203379,5203379,27618007,22414628,22414628,1649957,20764671,18,0
27750137,173,8,2668371,2668371,27750137,25081766,25081766,1906541,23175225,9,0
28017243,288,32,4396265,4396265,28017243,23620978,23620978,702131,22918847,4,0
28036064,331,8,4725972,4725972,28036064,23310092,23310092,1742924,21567168,18,0
28092212,496,8,6826013,6826013,28092212,21266199,21266199,1802216,19463983,12,0
28159241,45,32,1274054,1274054,28159241,26885187,26885187,529696,26355491,7,0
28187478,99,2,1574758,1574758,28187478,26612720,26612720,7372645,19240075,28,0
30367255,27,8,972384,972384,30367255,29394871,29394871,4106917,25287954,18,0
30689727,359,8,5006082,5006082,30689727,25683645,25683645,2190786,23492859,23,0
30869372,425,8,5526210,5526210,30869372,25343162,25343162,2000960,23342202,23,0
30955189,89,32,1548830,1548830,30955189,29406359,29406359,588321,28818038,10,0
30987397,150,8,2443694,2443694,30987397,28543703,28543703,2072652,26471051,13,0
31446494,60,8,1383820,1383820,31446494,30062674,30062674,2539033,27523641,21,0
31829139,281,8,4326953,4326953,31829139,27502186,27502186,2399019,25103167,35,0
31832992,411,8,5500609,5500609,31832992,26332383,26332383,2033453,24298930,11,0
32066101,419,32,5525969,5525969,32066101,26540132,26540132,730236,25809896,13,0
32515424,473,32,6528402,6528402,32515424,25987022,25987022,951611,25035411,12,0
32689280,512,8,7317610,7317610,32689280,25371670,25371670,2221979,23149691,9,0
32702926,295,8,4405375,4405375,32702926,28297551,28297551,2155732,26141819,41,0
33191920,96,8,1549002,1549002,33191920,31642918,31642918,2616158,29026760,29,0
33802513,73,8,1463016,1463016,33802513,32339497,32339497,2802083,29537414,27,0
33807522,76,8,1463193,1463193,33807522,32344329,32344329,2200903,30143426,23,0
36500534,87,8,1546505,1546505,36500534,34954029,34954029,5000012,29954017,20,0
36505923,361,8,5006109,5006109,36505923,31499814,31499814,2194450,29305364,18,0
36550925,417,8,5523622,5523622,36550925,31027303,31027303,2321594,28705709,26,0
36991392,423,8,5526192,5526192,36991392,31465200,31465200,2761876,28703324,25,0
37036994,146,8,2352304,2352304,37036994,34684690,34684690,2577354,32107336,15,0
37068429,144,8,2352269,2352269,37068429,34716160,34716160,2540587,32175573,18,0
37342554,0,4,0,0,37342554,37342554,37342554,5352613,31989941,37,0
37515888,287,8,4396213,4396213,37515888,33119675,33119675,2627167,30492508,38,0
37594337,28,8,972388,972388,37594337,36621949,36621949,2971674,33650275,15,0
38362406,36,32,1202360,1202360,38362406,37160046,37160046,1549811,35610235,14,0
40282528,78,32,1466073,1466073,40282528,38816455,38816455,2632999,36183456,11,0
40300419,79,32,1466095,1466095,40300419,38834324,38834324,747780,38086544,9,0
40948330,101,8,1784044,1784044,40948330,39164286,39164286,3484305,35679981,31,0
41135626,119,8,2045080,2045080,41135626,39090546,39090546,3736508,35354038,14,0
41570001,222,8,3646247,3646247,41570001,37923754,37923754,3318511,34605243,14,0
41828590,227,8,3724810,3724810,41828590,38103780,38103780,3420788,34682992,13,0
41935451,368,8,5010472,5010472,41935451,36924979,36924979,2789579,34135400,20,0
42042061,230,8,3799985,3799985,42042061,38242076,38242076,3617351,34624725,22,0
42060411,373,8,5020582,5020582,42060411,37039829,37039829,2792459,34247370,17,0
42166057,231,8,3814560,3814560,42166057,38351497,38351497,3679357,34672140,24,0
42328409,358,8,5006076,5006076,42328409,37322333,37322333,3180684,34141649,25,0
42334362,422,8,5526189,5526189,42334362,36808173,36808173,2768538,34039635,21,0
42781560,413,8,5500642,5500642,42781560,37280918,37280918,3229690,34051228,24,0
42828656,388,8,5172342,5172342,42828656,37656314,37656314,3356568,34299746,24,0
43535906,383,8,5125625,5125625,43535906,38410281,38410281,4288773,34121508,22,0
44208082,51,8,1316099,1316099,44208082,42891983,42891983,4713035,38178948,14,0
44307793,129,8,2161867,2161867,44307793,42145926,42145926,4148853,37997073,25,0
44650816,29,8,1198143,1198143,44650816,43452673,43452673,4885556,38567117,32,0
44783801,169,8,2648019,2648019,44783801,42135782,42135782,3790918,38344864,13,0
45413625,148,8,2398878,2398878,45413625,43014747,43014747,4854814,38159933,19,0
46833182,196,8,3009789,3009789,46833182,43823393,43823393,5180071,38643322,17,0
46869042,248,8,4095603,4095603,46869042,42773439,42773439,3728300,39045139,29,0
46933093,203,32,3188710,3188710,46933093,43744383,43744383,1133936,42610447,8,0
48349959,244,8,4095548,4095548,48349959,44254411,44254411,5225836,39028575,24,0
49542663,298,8,4417969,4417969,49542663,45124694,45124694,4958494,40166200,34,0
50723461,495,8,6826006,6826006,50723461,43897455,43897455,5369732,38527723,17,0
50799479,481,32,6530882,6530882,50799479,44268597,44268597,1033242,43235355,10,0
52186209,471,32,6528374,6528374,52186209,45657835,45657835,2407070,43250765,13,0
53308326,50,8,1315692,1315692,53308326,51992634,51992634,5880839,46111795,29,0
53662169,20,32,937052,937052,53662169,52725117,52725117,4575546,48149571,6,0
54416045,26,8,972381,972381,54416045,53443664,53443664,8586536,44857128,26,0
55637555,31,8,1198187,1198187,55637555,54439368,54439368,8306106,46133262,31,0
56834334,43,32,1274009,1274009,56834334,55560325,55560325,5067645,50492680,22,0
57146731,35,32,1202338,1202338,57146731,55944393,55944393,5112337,50832056,33,0
58119928,61,8,1383824,1383824,58119928,56736104,56736104,9656692,47079412,29,0
59121520,34,32,1202315,1202315,59121520,57919205,57919205,8428005,49491200,14,0
60375089,12,8,672911,672911,60375089,59702178,59702178,14707597,44994581,13,0
62158120,44,32,1274032,1274032,62158120,60884088,60884088,7973097,52910991,20,0
62858791,46,32,1274076,1274076,62858791,61584715,61584715,6906966,54677749,15,0
64858424,88,32,1548807,1548807,64858424,63309617,63309617,6004767,57304850,14,0
65487679,69,8,1448138,1448138,65487679,64039541,64039541,14451905,49587636,24,0
67900244,80,8,1488829,1488829,67900244,66411415,66411415,13783969,52627446,19,0
68286592,121,16,2052086,2052086,68286592,66234506,66234506,4179450,62055056,12,0
68498006,93,8,1548919,1548919,68498006,66949087,66949087,10632795,56316292,31,0
68645688,98,8,1572361,1572361,68645688,67073327,67073327,8591394,58481933,24,0
69064020,77,8,1463214,1463214,69064020,67600806,67600806,14947755,52653051,22,0
69878298,90,8,1548833,1548833,69878298,68329465,68329465,12021732,56307733,25,0
70065772,147,8,2387276,2387276,70065772,67678496,67678496,6914950,60763546,19,0
71468012,103,8,1794916,1794916,71468012,69673096,69673096,11875326,57797770,33,0
71864295,167,8,2647611,2647611,71864295,69216684,69216684,5237194,63979490,11,0
72716824,95,8,1548982,1548982,72716824,71167842,71167842,14660619,56507223,33,0
74774726,110,8,1971299,1971299,74774726,72803427,72803427,15155175,57648252,23,0
75217906,14,8,672959,672959,75217906,74544947,74544947,29278374,45266573,13,0
77337223,84,8,1533742,1533742,77337223,75803481,75803481,21944792,53858689,15,0
77606955,149,8,2399558,2399558,77606955,75207397,75207397,12547584,62659813,16,0
78070934,178,8,2739684,2739684,78070934,75331250,75331250,11057161,64274089,19,0
79071756,145,8,2352279,2352279,79071756,76719477,76719477,16275939,60443538,19,0
79185066,185,8,2959121,2959121,79185066,76225945,76225945,8032306,68193639,28,0
80083715,109,8,1971294,1971294,80083715,78112421,78112421,20095194,58017227,18,0
80317541,183,32,2764358,2764358,80317541,77553183,77553183,4698081,72855102,6,0
80546618,155,8,2567954,2567954,80546618,77978664,77978664,15331493,62647171,9,0
81140729,180,8,2763894,2763894,81140729,78376835,78376835,11859587,66517248,26,0
81849690,94,8,1548940,1548940,81849690,80300750,80300750,24348750,55952000,43,0
81883678,191,8,3009764,3009764,81883678,78873914,78873914,7704688,71169226,19,0
82605100,81,8,1491324,1491324,82605100,81113776,81113776,28488597,52625179,25,0
82690864,75,8,1463152,1463152,82690864,81227712,81227712,29560403,51667309,22,0
83174761,189,32,3008241,3008241,83174761,80166520,80166520,4504690,75661830,11,0
83718555,207,8,3227452,3227452,83718555,80491103,80491103,6936414,73554689,10,0
83757340,206,32,3226969,3226969,83757340,80530371,80530371,3139722,77390649,8,0
83812203,221,8,3642919,3642919,83812203,80169284,80169284,5244198,74925086,22,0
84150431,179,8,2739687,2739687,84150431,81410744,81410744,17557151,63853593,19,0
84181779,267,8,4296919,4296919,84181779,79884860,79884860,4883578,75001282,47,0
84486987,136,8,2191769,2191769,84486987,82295218,82295218,21338177,60957041,15,0
85728842,211,8,3267795,3267795,85728842,82461047,82461047,8534493,73926554,8,0
85871063,190,8,3009761,3009761,85871063,82861302,82861302,12542049,70319253,16,0
86418786,220,8,3642869,3642869,86418786,82775917,82775917,7844728,74931189,22,0
86952346,216,8,3385021,3385021,86952346,83567325,83567325,8574348,74992977,19,0
87026618,245,8,4095572,4095572,87026618,82931046,82931046,8464308,74466738,30,0
88068120,249,32,4095722,4095722,88068120,83972398,83972398,6031064,77941334,5,0
88345761,209,8,3267755,3267755,88345761,85078006,85078006,11146521,73931485,8,0
88373574,369,8,5011091,5011091,88373574,83362483,83362483,5118376,78244107,21,0
88381585,192,8,3009768,3009768,88381585,85371817,85371817,13255445,72116372,18,0
89038876,387,8,5172333,5172333,89038876,83866543,83866543,6057379,77809164,27,0
90800083,254,8,4229008,4229008,90800083,86571075,86571075,11289783,75281292,42,0
91179865,294,8,4405368,4405368,91179865,86774497,86774497,8128402,78646095,31,0
91619921,262,8,4283179,4283179,91619921,87336742,87336742,10431724,76905018,43,0
93285694,284,8,4345030,4345030,93285694,88940664,88940664,10907764,78032900,30,0
93542204,127,8,2136227,2136227,93542204,91405977,91405977,32923458,58482519,22,0
94076103,250,32,4095727,4095727,94076103,89980376,89980376,9349521,80630855,5,0
94555423,340,32,4814582,4814582,94555423,89740841,89740841,6089940,83650901,8,0
95114557,374,32,5020986,5020986,95114557,90093571,90093571,3753294,86340277,19,0
96172401,396,32,5203358,5203358,96172401,90969043,90969043,4262008,86707035,6,0
96715528,3,4,352712,352712,96715528,96362816,96362816,55459546,40903270,47,0
97020185,418,32,5525965,5525965,97020185,91494220,91494220,3482915,88011305,8,0
97039023,468,32,6502996,6502996,97039023,90536027,90536027,2425621,88110406,15,0
97381079,204,8,3188727,3188727,97381079,94192352,94192352,20692562,73499790,16,0
97695930,458,8,6365553,6365553,97695930,91330377,91330377,6861694,84468683,23,0
97788624,443,8,6025159,6025159,97788624,91763465,91763465,6725067,85038398,24,0
97841006,399,8,5203382,5203382,97841006,92637624,92637624,13384379,79253245,29,0
99214561,139,8,2235070,2235070,99214561,96979491,96979491,36629486,60350005,18,0
100158480,400,8,5203386,5203386,100158480,94955094,94955094,15090693,79864401,25,0
102306847,416,8,5523619,5523619,102306847,96783228,96783228,12905556,83877672,23,0
110041229,460,8,6396962,6396962,110041229,103644267,103644267,18662438,84981829,21,0
110328851,412,8,5500618,5500618,110328851,104828233,104828233,22944741,81883492,32,0
110499829,440,8,6025037,6025037,110499829,104474792,104474792,19487723,84987069,23,0
114176340,197,8,3009792,3009792,114176340,111166548,111166548,38215482,72951066,19,0
128254650,444,8,6025169,6025169,128254650,122229481,122229481,37417972,84811509,23,0
