time,job_id,num_gpu,submit_time,start_time,end_time,executed_time,JCT,duration,pending_time,preempt,promote
2621825,41,1,1945408,1945408,2621825,676417,676417,676417,0,0,0
2875091,58,1,2326954,2326954,2875091,548137,548137,548137,0,0,0
2932576,32,1,1943942,1943942,2932576,988634,988634,988634,0,0,0
3112940,24,1,1943873,1943873,3112940,1169067,1169067,1169067,0,0,0
3120200,57,1,2324998,2324998,3120200,795202,795202,795202,0,0,0
3141941,30,1,1943932,1943932,3141941,1198009,1198009,1198009,0,0,0
3184635,18,1,1943813,1943813,3184635,1240822,1240822,1240822,0,0,0
3229698,53,1,1945550,1945550,3229698,1284148,1284148,1274308,9840,1,0
3278061,66,1,2348780,2348780,3278061,929281,929281,929281,0,0,0
3284611,111,8,3236670,3236670,3284611,47941,47941,47941,0,0,0
3288611,86,1,2372731,2372731,3288611,915880,915880,915880,0,0,0
3356416,110,8,3235945,3235945,3356416,120471,120471,120471,0,0,0
3399672,122,8,3390490,3390490,3399672,9182,9182,9182,0,0,0
3415711,64,1,2341345,2341345,3415711,1074366,1074366,1027112,47254,5,0
3446640,126,8,3407887,3407887,3446640,38753,38753,38753,0,0,0
3514672,124,8,3391008,3391008,3514672,123664,123664,123664,0,0,0
3574250,133,8,3572938,3572938,3574250,1312,1312,1312,0,0,0
3593314,140,8,3586358,3586358,3593314,6956,6956,6956,0,0,0
3651547,141,8,3587038,3587038,3651547,64509,64509,64509,0,0,0
3656083,130,8,3514096,3514096,3656083,141987,141987,141987,0,0,0
3691343,144,8,3668447,3668447,3691343,22896,22896,22896,0,0,0
3735731,148,8,3672188,3672188,3735731,63543,63543,63543,0,0,0
3740640,147,8,3670526,3670526,3740640,70114,70114,70114,0,0,0
3802113,156,8,3775871,3775871,3802113,26242,26242,26242,0,0,0
3845576,151,8,3771896,3771896,3845576,73680,73680,73680,0,0,0
3856319,165,8,3852752,3852752,3856319,3567,3567,3567,0,0,0
3898490,162,8,3831486,3831486,3898490,67004,67004,67004,0,0,0
3947572,164,8,3845388,3845388,3947572,102184,102184,102184,0,0,0
3963992,174,8,3922206,3922206,3963992,41786,41786,41786,0,0,0
3972741,170,4,3887819,3887819,3972741,84922,84922,84922,0,0,0
4002006,177,4,3960923,3960923,4002006,41083,41083,41083,0,0,0
4003709,171,8,3892069,3892069,4003709,111640,111640,111640,0,0,0
4040489,199,4,4038772,4038772,4040489,1717,1717,1717,0,0,0
4041111,188,8,3996027,3996027,4041111,45084,45084,45084,0,0,0
4053690,195,4,4022105,4022105,4053690,31585,31585,31585,0,0,0
4054807,193,8,4011623,4011623,4054807,43184,43184,43184,0,0,0
4127639,202,4,4072703,4072703,4127639,54936,54936,54936,0,0,0
4230057,181,8,3993309,3993309,4230057,236748,236748,123566,113182,3,0
4232596,223,1,4225248,4225248,4232596,7348,7348,7348,0,0,0
4248009,256,4,4245994,4245994,4248009,2015,2015,2015,0,0,0
4260156,259,4,4251434,4251434,4260156,8722,8722,8722,0,0,0
4262067,226,1,4225258,4225258,4262067,36809,36809,36809,0,0,0
4262365,257,4,4246023,4246023,4262365,16342,16342,16342,0,0,0
4299989,224,1,4225252,4225252,4299989,74737,74737,74737,0,0,0
4304455,263,4,4302753,4302753,4304455,1702,1702,1702,0,0,0
4316935,212,1,4099912,4099912,4316935,217023,217023,217023,0,0,0
4317346,266,4,4305079,4305079,4317346,12267,12267,12267,0,0,0
4327923,251,1,4238583,4238583,4327923,89340,89340,89340,0,0,0
4328537,265,4,4304374,4304374,4328537,24163,24163,24163,0,0,0
4347769,214,1,4100924,4100924,4347769,246845,246845,246845,0,0,0
4353617,225,1,4225255,4225255,4353617,128362,128362,128362,0,0,0
4357308,258,4,4251430,4251430,4357308,105878,105878,105878,0,0,0
4360260,260,4,4253391,4253391,4360260,106869,106869,106869,0,0,0
4364577,269,4,4363768,4363768,4364577,809,809,809,0,0,0
4397755,268,4,4322941,4322941,4397755,74814,74814,74814,0,0,0
4401931,272,4,4394242,4394242,4401931,7689,7689,7689,0,0,0
4408015,264,1,4302787,4302787,4408015,105228,105228,105228,0,0,0
4433043,189,8,3996109,3996109,4433043,436934,436934,141624,295310,11,0
4486215,233,1,4238523,4238523,4486215,247692,247692,247692,0,0,0
4486226,238,1,4238539,4238539,4486226,247687,247687,247687,0,0,0
4486257,247,1,4238569,4238569,4486257,247688,247688,247688,0,0,0
4490052,275,8,4436304,4436304,4490052,53748,53748,53748,0,0,0
4521833,270,8,4388907,4388907,4521833,132926,132926,132926,0,0,0
4527604,286,4,4522984,4522984,4527604,4620,4620,4620,0,0,0
4531288,232,1,4238519,4238519,4531288,292769,292769,292769,0,0,0
4549375,235,1,4238529,4238529,4549375,310846,310846,310846,0,0,0
4556277,283,4,4521634,4521634,4556277,34643,34643,34643,0,0,0
4556581,252,1,4238586,4238586,4556581,317995,317995,317995,0,0,0
4560737,228,1,4238506,4238506,4560737,322231,322231,322231,0,0,0
4581201,296,4,4531335,4531335,4581201,49866,49866,49866,0,0,0
4613534,301,4,4570131,4570131,4613534,43403,43403,43403,0,0,0
4614436,280,4,4507993,4507993,4614436,106443,106443,106443,0,0,0
4628427,287,4,4523016,4523016,4628427,105411,105411,105411,0,0,0
4663655,285,4,4522932,4522932,4663655,140723,140723,140723,0,0,0
4682011,267,4,4308027,4308027,4682011,373984,373984,265441,108543,4,0
4689892,304,8,4688734,4688734,4689892,1158,1158,1158,0,0,0
4749993,315,4,4748327,4748327,4749993,1666,1666,1666,0,0,0
4767816,310,4,4710506,4710506,4767816,57310,57310,57310,0,0,0
4809792,313,8,4721206,4721206,4809792,88586,88586,88586,0,0,0
4842504,305,4,4710424,4710424,4842504,132080,132080,132080,0,0,0
4842639,314,8,4721246,4721246,4842639,121393,121393,121393,0,0,0
4869159,321,8,4856485,4856485,4869159,12674,12674,12674,0,0,0
4892119,309,4,4710499,4710499,4892119,181620,181620,181620,0,0,0
4936090,289,4,4523905,4523905,4936090,412185,412185,288371,123814,2,0
5007907,328,8,4974958,4974958,5007907,32949,32949,32949,0,0,0
5080229,341,1,5078427,5078427,5080229,1802,1802,1802,0,0,0
5081034,347,1,5078631,5078631,5081034,2403,2403,2403,0,0,0
5081855,343,1,5078491,5078491,5081855,3364,3364,3364,0,0,0
5106865,332,1,5060944,5060944,5106865,45921,45921,45921,0,0,0
5108805,346,1,5078599,5078599,5108805,30206,30206,30206,0,0,0
5127616,339,1,5078331,5078331,5127616,49285,49285,49285,0,0,0
5148675,329,8,4974991,4974991,5148675,173684,173684,149454,24230,2,0
5151552,354,1,5147893,5147893,5151552,3659,3659,3659,0,0,0
5151610,356,1,5147961,5147961,5151610,3649,3649,3649,0,0,0
5151763,353,1,5147866,5147866,5151763,3897,3897,3897,0,0,0
5160717,344,1,5078533,5078533,5160717,82184,82184,82184,0,0,0
5177902,363,1,5176427,5176427,5177902,1475,1475,1475,0,0,0
5221474,364,1,5176435,5176435,5221474,45039,45039,45039,0,0,0
5265674,367,8,5214587,5214587,5265674,51087,51087,51087,0,0,0
5308493,394,1,5306114,5306114,5308493,2379,2379,2379,0,0,0
5309685,361,1,5176420,5176420,5309685,133265,133265,133265,0,0,0
5319183,389,1,5305167,5305167,5319183,14016,14016,14016,0,0,0
5320503,395,1,5306185,5306185,5320503,14318,14318,14318,0,0,0
5323908,342,1,5078461,5078461,5323908,245447,245447,245447,0,0,0
5333623,384,4,5303127,5303127,5333623,30496,30496,30496,0,0,0
5334222,404,1,5331943,5331943,5334222,2279,2279,2279,0,0,0
5334659,382,4,5303075,5303075,5334659,31584,31584,31584,0,0,0
5343826,359,1,5148078,5148078,5343826,195748,195748,195748,0,0,0
5353054,360,1,5172053,5172053,5353054,181001,181001,181001,0,0,0
5353429,386,1,5304384,5304384,5353429,49045,49045,49045,0,0,0
5368166,398,1,5309936,5309936,5368166,58230,58230,58230,0,0,0
5376370,407,4,5365237,5365237,5376370,11133,11133,11133,0,0,0
5377458,362,1,5176424,5176424,5377458,201034,201034,201034,0,0,0
5379735,385,4,5304303,5304303,5379735,75432,75432,75432,0,0,0
5382654,397,1,5309886,5309886,5382654,72768,72768,72768,0,0,0
5392566,369,1,5219928,5219928,5392566,172638,172638,172638,0,0,0
5399566,409,4,5367404,5367404,5399566,32162,32162,32162,0,0,0
5418728,406,4,5363283,5363283,5418728,55445,55445,55445,0,0,0
5432107,358,1,5148051,5148051,5432107,284056,284056,284056,0,0,0
5458855,387,1,5304995,5304995,5458855,153860,153860,153860,0,0,0
5463279,388,1,5305025,5305025,5463279,158254,158254,158254,0,0,0
5464772,415,4,5381638,5381638,5464772,83134,83134,83134,0,0,0
5469586,426,1,5448992,5448992,5469586,20594,20594,20594,0,0,0
5501267,413,1,5379404,5379404,5501267,121863,121863,121863,0,0,0
5528119,414,4,5381592,5381592,5528119,146527,146527,146527,0,0,0
5529420,410,4,5367428,5367428,5529420,161992,161992,161992,0,0,0
5557979,429,4,5539973,5539973,5557979,18006,18006,18006,0,0,0
5624582,434,8,5569193,5569193,5624582,55389,55389,55389,0,0,0
5645937,435,4,5569206,5569206,5645937,76731,76731,76731,0,0,0
5650012,352,1,5137187,5137187,5650012,512825,512825,501789,11036,1,0
5653150,433,4,5565210,5565210,5653150,87940,87940,87940,0,0,0
5671222,443,8,5628790,5628790,5671222,42432,42432,42432,0,0,0
5672716,340,1,5078371,5078371,5672716,594345,594345,590599,3746,1,0
5676841,451,8,5655938,5655938,5676841,20903,20903,20903,0,0,0
5681018,454,1,5661691,5661691,5681018,19327,19327,19327,0,0,0
5683005,445,4,5652948,5652948,5683005,30057,30057,30057,0,0,0
5685740,355,1,5147921,5147921,5685740,537819,537819,537819,0,0,0
5699712,432,8,5562718,5562718,5699712,136994,136994,85218,51776,1,0
5730480,476,1,5729137,5729137,5730480,1343,1343,1343,0,0,0
5730973,477,1,5729215,5729215,5730973,1758,1758,1758,0,0,0
5735974,484,1,5735206,5735206,5735974,768,768,768,0,0,0
5738900,457,4,5690742,5690742,5738900,48158,48158,48158,0,0,0
5741344,470,4,5709256,5709256,5741344,32088,32088,32088,0,0,0
5750628,475,1,5726501,5726501,5750628,24127,24127,24127,0,0,0
5757142,479,1,5729899,5729899,5757142,27243,27243,27243,0,0,0
5762795,459,1,5699161,5699161,5762795,63634,63634,63634,0,0,0
5787439,474,1,5718484,5718484,5787439,68955,68955,68955,0,0,0
5787448,478,1,5729250,5729250,5787448,58198,58198,58198,0,0,0
5798346,480,4,5735148,5735148,5798346,63198,63198,63198,0,0,0
5807111,467,1,5704346,5704346,5807111,102765,102765,102765,0,0,0
5813709,399,1,5309965,5309965,5813709,503744,503744,483413,20331,3,0
5827873,505,8,5826341,5826341,5827873,1532,1532,1532,0,0,0
5836602,504,4,5820527,5820527,5836602,16075,16075,16075,0,0,0
5841814,490,4,5789711,5789711,5841814,52103,52103,52103,0,0,0
5853235,396,1,5306224,5306224,5853235,547011,547011,544288,2723,2,0
5867785,513,1,5865216,5865216,5867785,2569,2569,2569,0,0,0
5868182,472,4,5709293,5709293,5868182,158889,158889,156725,2164,1,0
5872600,507,1,5832079,5832079,5872600,40521,40521,40521,0,0,0
5878368,520,1,5872774,5872774,5878368,5594,5594,5594,0,0,0
5886544,515,4,5865263,5865263,5886544,21281,21281,21281,0,0,0
5887451,493,4,5799377,5799377,5887451,88074,88074,88074,0,0,0
5894685,514,4,5865253,5865253,5894685,29432,29432,29432,0,0,0
5897389,523,4,5875152,5875152,5897389,22237,22237,22237,0,0,0
5902136,500,4,5809095,5809095,5902136,93041,93041,93041,0,0,0
5908044,530,4,5904197,5904197,5908044,3847,3847,3847,0,0,0
5915735,516,4,5868672,5868672,5915735,47063,47063,47063,0,0,0
5949388,532,8,5906977,5906977,5949388,42411,42411,42411,0,0,0
5957350,529,4,5904192,5904192,5957350,53158,53158,53158,0,0,0
5961241,512,1,5865204,5865204,5961241,96037,96037,96037,0,0,0
5983810,551,1,5971016,5971016,5983810,12794,12794,12794,0,0,0
6011320,552,1,5975373,5975373,6011320,35947,35947,35947,0,0,0
6015302,556,1,5983209,5983209,6015302,32093,32093,32093,0,0,0
6053443,468,1,5704825,5704825,6053443,348618,348618,348618,0,0,0
6063690,511,1,5846215,5846215,6063690,217475,217475,217475,0,0,0
6079406,560,4,6045036,6045036,6079406,34370,34370,34370,0,0,0
6079888,486,8,5758806,5758806,6079888,321082,321082,98012,223070,1,0
6081057,569,1,6057618,6057618,6081057,23439,23439,23439,0,0,0
6082230,541,1,5920902,5920902,6082230,161328,161328,161328,0,0,0
6084793,544,1,5966578,5966578,6084793,118215,118215,118215,0,0,0
6085213,565,1,6050552,6050552,6085213,34661,34661,34661,0,0,0
6097683,553,1,5983198,5983198,6097683,114485,114485,114485,0,0,0
6117180,408,4,5365278,5365278,6117180,751902,751902,276489,475413,1,0
6121607,568,1,6050566,6050566,6121607,71041,71041,71041,0,0,0
6123743,525,4,5879609,5879609,6123743,244134,244134,244134,0,0,0
6148379,357,1,5148023,5148023,6148379,1000356,1000356,981015,19341,6,0
6160603,567,1,6050559,6050559,6160603,110044,110044,110044,0,0,0
6167523,561,1,6050364,6050364,6167523,117159,117159,117159,0,0,0
6194793,542,1,5930372,5930372,6194793,264421,264421,264421,0,0,0
6197456,550,1,5971012,5971012,6197456,226444,226444,226444,0,0,0
6246264,487,4,5778243,5778243,6246264,468021,468021,204811,263210,2,0
6248040,531,8,5906942,5906942,6248040,341098,341098,64543,276555,1,0
6257532,549,1,5970067,5970067,6257532,287465,287465,287465,0,0,0
6269299,577,4,6243133,6243133,6269299,26166,26166,26166,0,0,0
6272657,557,1,6011425,6011425,6272657,261232,261232,261232,0,0,0
6295940,583,1,6294558,6294558,6295940,1382,1382,1382,0,0,0
6296534,510,1,5844749,5844749,6296534,451785,451785,451785,0,0,0
6296795,375,4,5284972,5284972,6296795,1011823,1011823,260316,751507,8,0
6322616,421,4,5427880,5427880,6322616,894736,894736,267536,627200,8,0
6323308,584,1,6297078,6297078,6323308,26230,26230,26230,0,0,0
6323600,587,1,6297090,6297090,6323600,26510,26510,26510,0,0,0
6330739,592,1,6302344,6302344,6330739,28395,28395,28395,0,0,0
6342315,582,4,6247207,6247207,6342315,95108,95108,95108,0,0,0
6346880,579,4,6246704,6246704,6346880,100176,100176,100176,0,0,0
6350249,597,1,6307819,6307819,6350249,42430,42430,42430,0,0,0
6365358,581,4,6247024,6247024,6365358,118334,118334,118334,0,0,0
6419412,496,4,5799681,5799681,6419412,619731,619731,177043,442688,1,0
6432209,495,4,5799426,5799426,6432209,632783,632783,189963,442820,1,0
6491584,636,1,6489790,6489790,6491584,1794,1794,1794,0,0,0
6496678,570,1,6058023,6058023,6496678,438655,438655,438655,0,0,0
6536994,665,1,6534521,6534521,6536994,2473,2473,2473,0,0,0
6538731,644,1,6495804,6495804,6538731,42927,42927,42927,0,0,0
6543323,656,4,6510635,6510635,6543323,32688,32688,32688,0,0,0
6543592,640,1,6495588,6495588,6543592,48004,48004,48004,0,0,0
6546223,591,1,6302340,6302340,6546223,243883,243883,243883,0,0,0
6563504,586,1,6297086,6297086,6563504,266418,266418,266418,0,0,0
6572536,649,4,6509153,6509153,6572536,63383,63383,63383,0,0,0
6574905,660,4,6510883,6510883,6574905,64022,64022,64022,0,0,0
6581045,622,1,6482589,6482589,6581045,98456,98456,98456,0,0,0
6582273,620,1,6482580,6482580,6582273,99693,99693,99693,0,0,0
6585497,639,1,6495516,6495516,6585497,89981,89981,89981,0,0,0
6615782,675,4,6597402,6597402,6615782,18380,18380,18380,0,0,0
6625482,669,4,6588893,6588893,6625482,36589,36589,36589,0,0,0
6628239,671,4,6596579,6596579,6628239,31660,31660,31660,0,0,0
6629232,603,1,6435044,6435044,6629232,194188,194188,194188,0,0,0
6635257,672,4,6596586,6596586,6635257,38671,38671,38671,0,0,0
6647007,645,1,6495809,6495809,6647007,151198,151198,151198,0,0,0
6651498,613,1,6477896,6477896,6651498,173602,173602,173602,0,0,0
6656493,617,1,6477916,6477916,6656493,178577,178577,178577,0,0,0
6660933,566,1,6050556,6050556,6660933,610377,610377,482151,128226,3,0
6677533,650,4,6509168,6509168,6677533,168365,168365,149098,19267,2,0
6686995,638,1,6495511,6495511,6686995,191484,191484,191484,0,0,0
6724248,506,1,5831497,5831497,6724248,892751,892751,758279,134472,3,0
6727071,521,1,5873137,5873137,6727071,853934,853934,721448,132486,3,0
6732656,637,1,6489880,6489880,6732656,242776,242776,242776,0,0,0
6773349,621,1,6482584,6482584,6773349,290765,290765,290765,0,0,0
6813281,635,1,6489786,6489786,6813281,323495,323495,323495,0,0,0
6832351,578,4,6246689,6246689,6832351,585662,585662,283264,302398,1,0
6891640,676,4,6605282,6605282,6891640,286358,286358,116166,170192,1,0
6912121,576,1,6177711,6177711,6912121,734410,734410,670056,64354,1,0
6915687,528,4,5904060,5904060,6915687,1011627,1011627,283273,728354,5,0
6958833,524,4,5877516,5877516,6958833,1081317,1081317,322997,758320,5,0
7014945,588,1,6297659,6297659,7014945,717286,717286,708673,8613,2,0
7023797,627,1,6482616,6482616,7023797,541181,541181,541181,0,0,0
7155428,535,4,5918849,5918849,7155428,1236579,1236579,296883,939696,4,0
7203324,614,1,6477901,6477901,7203324,725423,725423,725423,0,0,0
7209870,615,1,6477905,6477905,7209870,731965,731965,731965,0,0,0
7214602,629,1,6483616,6483616,7214602,730986,730986,730986,0,0,0
7236292,697,4,7221212,7221212,7236292,15080,15080,15080,0,0,0
7263845,711,4,7244608,7244608,7263845,19237,19237,19237,0,0,0
7268888,713,4,7247378,7247378,7268888,21510,21510,21510,0,0,0
7278146,715,4,7256318,7256318,7278146,21828,21828,21828,0,0,0
7279682,716,4,7278253,7278253,7279682,1429,1429,1429,0,0,0
7314517,708,1,7229878,7229878,7314517,84639,84639,84639,0,0,0
7319837,702,1,7229858,7229858,7319837,89979,89979,89979,0,0,0
7320220,703,1,7229861,7229861,7320220,90359,90359,90359,0,0,0
7366129,725,4,7363664,7363664,7366129,2465,2465,2465,0,0,0
7366465,724,4,7363367,7363367,7366465,3098,3098,3098,0,0,0
7367764,717,4,7282240,7282240,7367764,85524,85524,85524,0,0,0
7381355,719,4,7359724,7359724,7381355,21631,21631,21631,0,0,0
7390904,721,4,7361616,7361616,7390904,29288,29288,29288,0,0,0
7407674,726,4,7365656,7365656,7407674,42018,42018,42018,0,0,0
7412022,729,4,7369089,7369089,7412022,42933,42933,42933,0,0,0
7432582,722,4,7361741,7361741,7432582,70841,70841,70841,0,0,0
7439961,723,4,7363337,7363337,7439961,76624,76624,76624,0,0,0
7452093,641,1,6495592,6495592,7452093,956501,956501,956501,0,0,0
7452570,730,4,7369337,7369337,7452570,83233,83233,83233,0,0,0
7460224,720,4,7359778,7359778,7460224,100446,100446,100446,0,0,0
7465317,630,1,6483622,6483622,7465317,981695,981695,972154,9541,2,0
7611332,548,1,5968127,5968127,7611332,1643205,1643205,1308792,334413,5,0
7624900,727,4,7365942,7365942,7624900,258958,258958,258958,0,0,0
7631053,738,1,7619099,7619099,7631053,11954,11954,11954,0,0,0
7651617,741,8,7651115,7651115,7651617,502,502,502,0,0,0
7657878,740,8,7651017,7651017,7657878,6861,6861,6861,0,0,0
7679522,739,8,7651010,7651010,7679522,28512,28512,28512,0,0,0
7682973,736,1,7556319,7556319,7682973,126654,126654,126654,0,0,0
7752043,700,4,7223190,7223190,7752043,528853,528853,391490,137363,2,0
7795668,742,8,7651118,7651118,7795668,144550,144550,144550,0,0,0
7795995,746,8,7788414,7788414,7795995,7581,7581,7581,0,0,0
7796531,749,8,7794273,7794273,7796531,2258,2258,2258,0,0,0
7798456,674,4,6597372,6597372,7798456,1201084,1201084,328521,872563,4,0
7816350,290,4,4524134,4524134,7816350,3292216,3292216,346730,2945486,5,0
7862166,752,8,7819776,7819776,7862166,42390,42390,42390,0,0,0
7878804,753,1,7869565,7869565,7878804,9239,9239,9239,0,0,0
7913837,756,8,7912457,7912457,7913837,1380,1380,1380,0,0,0
7937722,755,8,7911435,7911435,7937722,26287,26287,26287,0,0,0
7955543,701,1,7229854,7229854,7955543,725689,725689,725689,0,0,0
7956366,372,8,5281861,5281861,7956366,2674505,2674505,169316,2505189,7,0
7974115,757,8,7914914,7914914,7974115,59201,59201,59201,0,0,0
7996023,761,8,7989607,7989607,7996023,6416,6416,6416,0,0,0
7999380,759,8,7967407,7967407,7999380,31973,31973,31973,0,0,0
8114192,771,8,8083275,8083275,8114192,30917,30917,30917,0,0,0
8147775,775,8,8123816,8123816,8147775,23959,23959,23959,0,0,0
8148547,777,8,8143698,8143698,8148547,4849,4849,4849,0,0,0
8159257,782,8,8152202,8152202,8159257,7055,7055,7055,0,0,0
8165230,781,8,8151887,8151887,8165230,13343,13343,13343,0,0,0
8186373,783,8,8167016,8167016,8186373,19357,19357,19357,0,0,0
8207614,779,8,8148661,8148661,8207614,58953,58953,58953,0,0,0
8214175,780,8,8151835,8151835,8214175,62340,62340,62340,0,0,0
8245744,768,8,8055044,8055044,8245744,190700,190700,161986,28714,2,0
8247164,787,8,8242117,8242117,8247164,5047,5047,5047,0,0,0
8263342,788,8,8242131,8242131,8263342,21211,21211,21211,0,0,0
8335903,786,8,8242114,8242114,8335903,93789,93789,93789,0,0,0
8381247,376,4,5284976,5284976,8381247,3096271,3096271,389661,2706610,23,0
8433091,142,8,3602731,3602731,8433091,4830360,4830360,206075,4624285,7,0
8441716,709,1,7233791,7233791,8441716,1207925,1207925,1207925,0,0,0
8477212,790,8,8398984,8398984,8477212,78228,78228,78228,0,0,0
8493175,794,16,8462235,8462235,8493175,30940,30940,30940,0,0,0
8497033,335,1,5066231,5066231,8497033,3430802,3430802,299480,3131322,1,0
8502001,793,8,8434461,8434461,8502001,67540,67540,67540,0,0,0
8551397,403,1,5330994,5330994,8551397,3220403,3220403,353775,2866628,1,0
8584548,222,1,4225244,4225244,8584548,4359304,4359304,386650,3972654,1,0
8584656,590,1,6302336,6302336,8584656,2282320,2282320,331067,1951253,1,0
8585131,273,4,4414052,4414052,8585131,4171079,4171079,164165,4006914,1,0
8604707,194,8,4017576,4017576,8604707,4587131,4587131,113454,4473677,2,0
8608698,345,1,5078566,5078566,8608698,3530132,3530132,410709,3119423,2,0
8620123,798,8,8493846,8493846,8620123,126277,126277,126277,0,0,0
8682517,808,8,8680077,8680077,8682517,2440,2440,2440,0,0,0
8690215,810,8,8689418,8689418,8690215,797,797,797,0,0,0
8694966,812,8,8690431,8690431,8694966,4535,4535,4535,0,0,0
8766754,221,1,4225241,4225241,8766754,4541513,4541513,568859,3972654,1,0
8788879,814,8,8690456,8690456,8788879,98423,98423,98423,0,0,0
8827101,809,1,8689233,8689233,8827101,137868,137868,137868,0,0,0
8919113,815,8,8844933,8844933,8919113,74180,74180,74180,0,0,0
8933343,509,1,5840101,5840101,8933343,3093242,3093242,735293,2357949,1,0
8935605,816,8,8931250,8931250,8935605,4355,4355,4355,0,0,0
8962279,589,1,6302332,6302332,8962279,2659947,2659947,758090,1901857,1,0
8970199,819,1,8959230,8959230,8970199,10969,10969,10969,0,0,0
8990289,821,32,8967286,8967286,8990289,23003,23003,23003,0,0,0
8993915,456,4,5690721,5690721,8993915,3303194,3303194,365638,2937556,15,0
9012043,820,1,8964394,8964394,9012043,47649,47649,47649,0,0,0
9025135,826,8,9023473,9023473,9025135,1662,1662,1662,0,0,0
9031428,827,8,9023477,9023477,9031428,7951,7951,7951,0,0,0
9066152,818,1,8958896,8958896,9066152,107256,107256,107256,0,0,0
9095368,243,1,4238556,4238556,9095368,4856812,4856812,1468645,3388167,34,0
9101868,585,1,6297083,6297083,9101868,2804785,2804785,901962,1902823,2,0
9115184,598,1,6307824,6307824,9115184,2807360,2807360,746036,2061324,2,0
9131683,830,1,9089233,9089233,9131683,42450,42450,42450,0,0,0
9145632,837,8,9142149,9142149,9145632,3483,3483,3483,0,0,0
9149495,412,1,5379332,5379332,9149495,3770163,3770163,951586,2818577,1,0
9206380,838,8,9142856,9142856,9206380,63524,63524,63524,0,0,0
9265663,834,8,9131722,9131722,9265663,133941,133941,133941,0,0,0
9267429,831,8,9128320,9128320,9267429,139109,139109,139109,0,0,0
9285036,825,1,8999938,8999938,9285036,285098,285098,285098,0,0,0
9300856,832,8,9128323,9128323,9300856,172533,172533,172533,0,0,0
9307647,835,8,9131726,9131726,9307647,175921,175921,175921,0,0,0
9327141,861,1,9320231,9320231,9327141,6910,6910,6910,0,0,0
9327297,856,1,9318625,9318625,9327297,8672,8672,8672,0,0,0
9344802,860,1,9320228,9320228,9344802,24574,24574,24574,0,0,0
9362424,875,8,9353239,9353239,9362424,9185,9185,9185,0,0,0
9389397,850,1,9318601,9318601,9389397,70796,70796,70796,0,0,0
9395913,880,1,9391141,9391141,9395913,4772,4772,4772,0,0,0
9397177,851,1,9318604,9318604,9397177,78573,78573,78573,0,0,0
9397202,854,1,9318613,9318613,9397202,78589,78589,78589,0,0,0
9397211,855,1,9318617,9318617,9397211,78594,78594,78594,0,0,0
9401679,847,1,9318591,9318591,9401679,83088,83088,83088,0,0,0
9413419,878,1,9388849,9388849,9413419,24570,24570,24570,0,0,0
9457927,859,1,9320225,9320225,9457927,137702,137702,137702,0,0,0
9472306,883,1,9393712,9393712,9472306,78594,78594,78594,0,0,0
9474209,427,1,5449015,5449015,9474209,4025194,4025194,1248257,2776937,5,0
9498275,852,1,9318607,9318607,9498275,179668,179668,179668,0,0,0
9503587,845,1,9318584,9318584,9503587,185003,185003,185003,0,0,0
9505236,858,1,9320221,9320221,9505236,185015,185015,185015,0,0,0
9518077,885,16,9484002,9484002,9518077,34075,34075,34075,0,0,0
9525570,884,1,9407056,9407056,9525570,118514,118514,118514,0,0,0
9529132,881,1,9391363,9391363,9529132,137769,137769,137769,0,0,0
9563229,848,1,9318594,9318594,9563229,244635,244635,244635,0,0,0
9563249,849,1,9318597,9318597,9563249,244652,244652,244652,0,0,0
9564753,863,1,9320237,9320237,9564753,244516,244516,244516,0,0,0
9565424,887,1,9560361,9560361,9565424,5063,5063,5063,0,0,0
9565925,928,1,9562316,9562316,9565925,3609,3609,3609,0,0,0
9566045,927,1,9562310,9562310,9566045,3735,3735,3735,0,0,0
9568656,846,1,9318587,9318587,9568656,250069,250069,250069,0,0,0
9568790,909,1,9561036,9561036,9568790,7754,7754,7754,0,0,0
9568853,857,1,9318628,9318628,9568853,250225,250225,250225,0,0,0
9568900,931,1,9562340,9562340,9568900,6560,6560,6560,0,0,0
9570345,894,1,9560938,9560938,9570345,9407,9407,9407,0,0,0
9570617,912,1,9562206,9562206,9570617,8411,8411,8411,0,0,0
9571869,916,1,9562229,9562229,9571869,9640,9640,9640,0,0,0
9575778,879,1,9390865,9390865,9575778,184913,184913,184913,0,0,0
9585383,918,1,9562241,9562241,9585383,23142,23142,23142,0,0,0
9588309,917,1,9562235,9562235,9588309,26074,26074,26074,0,0,0
9591712,893,1,9560933,9560933,9591712,30779,30779,30779,0,0,0
9592189,891,1,9560917,9560917,9592189,31272,31272,31272,0,0,0
9602066,905,1,9561013,9561013,9602066,41053,41053,41053,0,0,0
9615819,876,1,9371269,9371269,9615819,244550,244550,244550,0,0,0
9629654,903,1,9560997,9560997,9629654,68657,68657,68657,0,0,0
9629878,920,1,9562253,9562253,9629878,67625,67625,67625,0,0,0
9640631,911,1,9562201,9562201,9640631,78430,78430,78430,0,0,0
9661088,890,1,9560906,9560906,9661088,100182,100182,100182,0,0,0
9662722,914,1,9562217,9562217,9662722,100505,100505,100505,0,0,0
9665879,935,16,9647037,9647037,9665879,18842,18842,18842,0,0,0
9680519,921,1,9562260,9562260,9680519,118259,118259,118259,0,0,0
9681714,913,1,9562212,9562212,9681714,119502,119502,119502,0,0,0
9690493,925,1,9562292,9562292,9690493,128201,128201,128201,0,0,0
9695458,595,1,6307812,6307812,9695458,3387646,3387646,1345826,2041820,7,0
9698133,896,1,9560955,9560955,9698133,137178,137178,137178,0,0,0
9705475,897,1,9560962,9560962,9705475,144513,144513,144513,0,0,0
9714326,926,1,9562304,9562304,9714326,152022,152022,152022,0,0,0
9735554,898,1,9560967,9560967,9735554,174587,174587,174587,0,0,0
9740193,922,1,9562271,9562271,9740193,177922,177922,177922,0,0,0
9752939,899,1,9560974,9560974,9752939,191965,191965,191965,0,0,0
9762443,842,1,9317096,9317096,9762443,445347,445347,445347,0,0,0
9772706,924,1,9562284,9562284,9772706,210422,210422,210422,0,0,0
9781519,895,1,9560944,9560944,9781519,220575,220575,220575,0,0,0
9784232,943,8,9780306,9780306,9784232,3926,3926,3926,0,0,0
9795539,941,8,9778827,9778827,9795539,16712,16712,16712,0,0,0
9814947,944,8,9812781,9812781,9814947,2166,2166,2166,0,0,0
9817493,919,1,9562246,9562246,9817493,255247,255247,255247,0,0,0
9819283,910,1,9561041,9561041,9819283,258242,258242,258242,0,0,0
9853886,915,1,9562223,9562223,9853886,291663,291663,291663,0,0,0
9884154,902,1,9560991,9560991,9884154,323163,323163,323163,0,0,0
9887454,950,8,9879334,9879334,9887454,8120,8120,8120,0,0,0
9896456,945,8,9812818,9812818,9896456,83638,83638,83638,0,0,0
9910988,954,8,9904351,9904351,9910988,6637,6637,6637,0,0,0
9925779,948,8,9867954,9867954,9925779,57825,57825,57825,0,0,0
9952321,864,1,9320241,9320241,9952321,632080,632080,632080,0,0,0
9953548,951,8,9886114,9886114,9953548,67434,67434,67434,0,0,0
9981258,942,8,9780149,9780149,9981258,201109,201109,201109,0,0,0
9986294,929,1,9562322,9562322,9986294,423972,423972,423972,0,0,0
9992932,904,1,9561002,9561002,9992932,431930,431930,431930,0,0,0
10003336,906,1,9561018,9561018,10003336,442318,442318,442318,0,0,0
10017747,947,8,9867948,9867948,10017747,149799,149799,149799,0,0,0
10049506,956,8,10048690,10048690,10049506,816,816,816,0,0,0
10058082,957,8,10050687,10050687,10058082,7395,7395,7395,0,0,0
10081335,949,8,9879329,9879329,10081335,202006,202006,202006,0,0,0
10096127,882,1,9392244,9392244,10096127,703883,703883,703883,0,0,0
10118330,191,8,4002150,4002150,10118330,6116180,6116180,218947,5897233,10,0
10268029,862,1,9320234,9320234,10268029,947795,947795,947795,0,0,0
10269547,958,8,10064333,10064333,10269547,205214,205214,205214,0,0,0
10314852,961,1,10287315,10287315,10314852,27537,27537,27537,0,0,0
10320123,908,1,9561030,9561030,10320123,759093,759093,759093,0,0,0
10321301,959,8,10216368,10216368,10321301,104933,104933,104933,0,0,0
10351176,844,1,9318580,9318580,10351176,1032596,1032596,1032596,0,0,0
10356241,962,2,10288864,10288864,10356241,67377,67377,67377,0,0,0
10402237,366,8,5214473,5214473,10402237,5187764,5187764,244868,4942896,10,0
10443802,464,4,5702763,5702763,10443802,4741039,4741039,441066,4299973,23,0
10450798,680,4,6636543,6636543,10450798,3814255,3814255,404204,3410051,5,0
10452320,766,8,8051903,8051903,10452320,2400417,2400417,200593,2199824,5,0
10465719,792,8,8434457,8434457,10465719,2031262,2031262,213496,1817766,8,0
10477297,623,1,6482594,6482594,10477297,3994703,3994703,1625199,2369504,11,0
10503570,901,1,9560986,9560986,10503570,942584,942584,942584,0,0,0
10521325,889,1,9560896,9560896,10521325,960429,960429,960429,0,0,0
10523953,747,8,7789076,7789076,10523953,2734877,2734877,204813,2530064,8,0
10527765,964,1,10291099,10291099,10527765,236666,236666,236666,0,0,0
10534237,116,8,3251613,3251613,10534237,7282624,7282624,212788,7069836,2,0
10629859,647,1,6505672,6505672,10629859,4124187,4124187,1740291,2383896,14,0
10642076,483,4,5735159,5735159,10642076,4906917,4906917,417309,4489608,7,0
10658463,695,8,7217520,7217520,10658463,3440943,3440943,211641,3229302,5,0
10737021,966,8,10729202,10729202,10737021,7819,7819,7819,0,0,0
10808052,892,1,9560923,9560923,10808052,1247129,1247129,1247129,0,0,0
10855267,670,8,6590711,6590711,10855267,4264556,4264556,242074,4022482,11,0
10865924,969,1,10817213,10817213,10865924,48711,48711,48711,0,0,0
10870312,963,2,10288886,10288886,10870312,581426,581426,581426,0,0,0
10872421,843,1,9318577,9318577,10872421,1553844,1553844,1553844,0,0,0
10902554,765,8,8051849,8051849,10902554,2850705,2850705,242358,2608347,7,0
10917326,970,8,10817519,10817519,10917326,99807,99807,99807,0,0,0
10969651,299,4,4570061,4570061,10969651,6399590,6399590,478058,5921532,21,0
11041784,965,1,10646927,10646927,11041784,394857,394857,394857,0,0,0
11069462,807,1,8678070,8678070,11069462,2391392,2391392,1734881,656511,6,0
11073317,444,8,5628842,5628842,11073317,5444475,5444475,218095,5226380,25,0
11078359,743,8,7670655,7670655,11078359,3407704,3407704,218868,3188836,4,0
11102753,186,4,3994633,3994633,11102753,7108120,7108120,454915,6653205,9,0
11107044,423,4,5427893,5427893,11107044,5679151,5679151,435499,5243652,21,0
11139264,907,1,9561023,9561023,11139264,1578241,1578241,1578241,0,0,0
11160598,307,4,4710486,4710486,11160598,6450112,6450112,455978,5994134,16,0
11168502,712,4,7244616,7244616,11168502,3923886,3923886,442273,3481613,8,0
11220415,205,8,4098808,4098808,11220415,7121607,7121607,269818,6851789,16,0
11276456,424,4,5428226,5428226,11276456,5848230,5848230,491731,5356499,23,0
11364560,698,4,7221218,7221218,11364560,4143342,4143342,523820,3619522,4,0
11443154,774,16,8095109,8095109,11443154,3348045,3348045,188360,3159685,4,0
11456332,338,8,5078194,5078194,11456332,6378138,6378138,232919,6145219,13,0
11563627,416,4,5390064,5390064,11563627,6173563,6173563,550474,5623089,24,0
11567035,744,8,7670658,7670658,11567035,3896377,3896377,224791,3671586,4,0
11635985,607,1,6435097,6435097,11635985,5200888,5200888,1847497,3353391,11,0
11689660,692,8,7186665,7186665,11689660,4502995,4502995,279037,4223958,5,0
11693754,652,4,6509211,6509211,11693754,5184543,5184543,457326,4727217,16,0
11750217,868,8,9352340,9352340,11750217,2397877,2397877,283264,2114613,3,0
11800147,497,4,5800140,5800140,11800147,6000007,6000007,504022,5495985,16,0
11956512,125,8,3407881,3407881,11956512,8548631,8548631,386590,8162041,10,0
11957583,811,8,8690423,8690423,11957583,3267160,3267160,229761,3037399,1,0
11963381,575,8,6135933,6135933,11963381,5827448,5827448,236099,5591349,4,0
11993878,373,1,5284155,5284155,11993878,6709723,6709723,1888884,4820839,50,0
12003069,930,1,9562335,9562335,12003069,2440734,2440734,1865091,575643,2,0
12009947,633,1,6486730,6486730,12009947,5523217,5523217,1884667,3638550,20,0
12087643,643,1,6495756,6495756,12087643,5591887,5591887,1958194,3633693,21,0
12113957,312,8,4721038,4721038,12113957,7392919,7392919,264101,7128818,10,0
12169396,117,8,3253439,3253439,12169396,8915957,8915957,295341,8620616,4,0
12295674,923,1,9562278,9562278,12295674,2733396,2733396,2069122,664274,4,0
12645668,813,8,8690449,8690449,12645668,3955219,3955219,592405,3362814,3,0
12740364,288,4,4523114,4523114,12740364,8217250,8217250,583931,7633319,17,0
12812667,401,8,5321027,5321027,12812667,7491640,7491640,318062,7173578,20,0
12812945,465,4,5703486,5703486,12812945,7109459,7109459,494825,6614634,30,0
12866069,773,8,8084950,8084950,12866069,4781119,4781119,301118,4480001,6,0
12868263,337,8,5078173,5078173,12868263,7790090,7790090,251984,7538106,11,0
12887254,651,4,6509186,6509186,12887254,6378068,6378068,518670,5859398,19,0
12915045,829,1,9089228,9089228,12915045,3825817,3825817,2059425,1766392,9,0
12953754,679,4,6636534,6636534,12953754,6317220,6317220,547702,5769518,9,0
12958105,300,4,4570110,4570110,12958105,8387995,8387995,516758,7871237,25,0
12960963,853,1,9318610,9318610,12960963,3642353,3642353,2063244,1579109,8,0
12988870,600,1,6314498,6314498,12988870,6674372,6674372,2091025,4583347,27,0
13058576,593,1,6307598,6307598,13058576,6750978,6750978,2160572,4590406,15,0
13174493,215,8,4117439,4117439,13174493,9057054,9057054,378644,8678410,9,0
13202744,446,4,5652958,5652958,13202744,7549786,7549786,554928,6994858,41,0
13236818,653,4,6509232,6509232,13236818,6727586,6727586,566080,6161506,17,0
13259205,731,4,7370217,7370217,13259205,5888988,5888988,554213,5334775,13,0
13292973,971,1,10817570,10817570,13292973,2475403,2475403,2182663,292740,3,0
13360120,192,8,4002172,4002172,13360120,9357948,9357948,337644,9020304,9,0
13422355,699,4,7223150,7223150,13422355,6199205,6199205,610780,5588425,6,0
13434928,839,32,9308070,9308070,13434928,4126858,4126858,80426,4046432,10,0
13453302,658,4,6510870,6510870,13453302,6942432,6942432,570395,6372037,14,0
13455923,112,8,3237153,3237153,13455923,10218770,10218770,282346,9936424,8,0
13994397,128,8,3513854,3513854,13994397,10480543,10480543,816901,9663642,13,0
14014150,519,4,5871041,5871041,14014150,8143109,8143109,578348,7564761,13,0
14022123,748,8,7792122,7792122,14022123,6230001,6230001,287151,5942850,9,0
14080732,940,8,9723284,9723284,14080732,4357448,4357448,336694,4020754,3,0
14368526,482,4,5735156,5735156,14368526,8633370,8633370,854323,7779047,15,0
14382714,419,4,5399324,5399324,14382714,8983390,8983390,582853,8400537,16,0
14392789,751,8,7819773,7819773,14392789,6573016,6573016,297148,6275868,6,0
14399807,200,4,4072661,4072661,14399807,10327146,10327146,584440,9742706,30,0
14620161,274,8,4431116,4431116,14620161,10189045,10189045,515301,9673744,10,0
14642013,380,4,5284995,5284995,14642013,9357018,9357018,605143,8751875,13,0
14734742,562,1,6050367,6050367,14734742,8684375,8684375,2422715,6261660,29,0
14735731,198,4,4022238,4022238,14735731,10713493,10713493,598687,10114806,28,0
14766476,159,8,3817978,3817978,14766476,10948498,10948498,330430,10618068,7,0
14879385,348,8,5078919,5078919,14879385,9800466,9800466,413336,9387130,10,0
14923800,750,8,7794276,7794276,14923800,7129524,7129524,341401,6788123,8,0
15004145,791,8,8398988,8398988,15004145,6605157,6605157,381492,6223665,13,0
15069591,936,8,9649809,9649809,15069591,5419782,5419782,362179,5057603,2,0
15074211,522,4,5875152,5875152,15074211,9199059,9199059,615159,8583900,17,0
15122083,320,4,4753084,4753084,15122083,10368999,10368999,658693,9710306,14,0
15186636,888,1,9560890,9560890,15186636,5625746,5625746,2548806,3076940,7,0
15196049,237,1,4238536,4238536,15196049,10957513,10957513,2538184,8419329,54,0
15372754,605,1,6435087,6435087,15372754,8937667,8937667,2678003,6259664,24,0
15626805,153,8,3773359,3773359,15626805,11853446,11853446,584084,11269362,17,0
16052870,733,16,7409520,7409520,16052870,8643350,8643350,590539,8052811,4,0
16260641,318,4,4748606,4748606,16260641,11512035,11512035,878654,10633381,16,0
16378629,402,8,5321274,5321274,16378629,11057355,11057355,454388,10602967,13,0
16641700,411,4,5367449,5367449,16641700,11274251,11274251,943923,10330328,20,0
16837187,770,8,8083271,8083271,16837187,8753916,8753916,536755,8217161,16,0
16884561,685,8,6996605,6996605,16884561,9887956,9887956,390943,9497013,8,0
17215587,900,1,9560979,9560979,17215587,7654608,7654608,3127871,4526737,8,0
17512107,797,16,8463342,8463342,17512107,9048765,9048765,472976,8575789,8,0
17748219,778,8,8143701,8143701,17748219,9604518,9604518,603075,9001443,6,0
17751376,946,8,9822965,9822965,17751376,7928411,7928411,370055,7558356,6,0
17808861,932,8,9618714,9618714,17808861,8190147,8190147,427041,7763106,7,0
17910671,374,1,5284184,5284184,17910671,12626487,12626487,3088829,9537658,58,0
18096296,799,8,8493852,8493852,18096296,9602444,9602444,563489,9038955,6,0
18141030,871,8,9352949,9352949,18141030,8788081,8788081,426426,8361655,7,0
18232411,772,8,8084946,8084946,18232411,10147465,10147465,482144,9665321,13,0
18327415,231,1,4238516,4238516,18327415,14088899,14088899,3229829,10859070,60,0
18362338,425,4,5428233,5428233,18362338,12934105,12934105,829978,12104127,31,0
18506152,634,1,6486734,6486734,18506152,12019418,12019418,3386462,8632956,32,0
18620654,428,4,5475741,5475741,18620654,13144913,13144913,944478,12200435,35,0
18858353,502,8,5818950,5818950,18858353,13039403,13039403,649679,12389724,21,0
18875052,508,1,5839200,5839200,18875052,13035852,13035852,3391975,9643877,29,0
18896174,684,1,6880435,6880435,18896174,12015739,12015739,3421339,8594400,34,0
18896285,938,8,9718865,9718865,18896285,9177420,9177420,427459,8749961,7,0
18922946,38,1,1945158,1945158,18922946,16977788,16977788,3484068,13493720,37,0
19003698,886,1,9498086,9498086,19003698,9505612,9505612,3502212,6003400,18,0
19013213,489,4,5784307,5784307,19013213,13228906,13228906,885114,12343792,28,0
19144131,466,4,5703986,5703986,19144131,13440145,13440145,1011021,12429124,29,0
19209402,295,4,4531328,4531328,19209402,14678074,14678074,951542,13726532,29,0
19215815,874,8,9353218,9353218,19215815,9862597,9862597,454527,9408070,9,0
19274625,105,8,3181760,3181760,19274625,16092865,16092865,508893,15583972,11,0
19322646,599,1,6314494,6314494,19322646,13008152,13008152,3655431,9352721,45,0
19332318,106,8,3182305,3182305,19332318,16150013,16150013,467075,15682938,10,0
19685871,624,1,6482599,6482599,19685871,13203272,13203272,4016668,9186604,45,0
19859161,760,8,7989604,7989604,19859161,11869557,11869557,628205,11241352,15,0
20112323,728,4,7365955,7365955,20112323,12746368,12746368,1189032,11557336,14,0
20136516,438,8,5577140,5577140,20136516,14559376,14559376,501804,14057572,13,0
20220814,933,8,9621946,9621946,20220814,10598868,10598868,563037,10035831,9,0
20349440,776,8,8125796,8125796,20349440,12223644,12223644,610916,11612728,7,0
20391916,822,32,8967975,8967975,20391916,11423941,11423941,166924,11257017,2,0
20468254,377,4,5284981,5284981,20468254,15183273,15183273,1077411,14105862,37,0
20632684,648,4,6509134,6509134,20632684,14123550,14123550,1166834,12956716,17,0
20651069,143,8,3664267,3664267,20651069,16986802,16986802,527813,16458989,10,0
20779307,246,1,4238566,4238566,20779307,16540741,16540741,4248549,12292192,54,0
20800425,302,8,4620804,4620804,20800425,16179621,16179621,547760,15631861,11,0
21192530,503,4,5820504,5820504,21192530,15372026,15372026,1453969,13918057,21,0
21247771,255,4,4243885,4243885,21247771,17003886,17003886,1132870,15871016,17,0
21386776,681,4,6707833,6707833,21386776,14678943,14678943,1222918,13456025,16,0
21461258,135,8,3575927,3575927,21461258,17885331,17885331,619807,17265524,13,0
21845738,381,4,5288603,5288603,21845738,16557135,16557135,1475743,15081392,16,0
21858544,463,4,5702741,5702741,21858544,16155803,16155803,1097824,15057979,44,0
21892447,705,1,7229868,7229868,21892447,14662579,14662579,4486700,10175879,39,0
21914622,422,4,5427889,5427889,21914622,16486733,16486733,1156969,15329764,41,0
22042771,673,4,6596601,6596601,22042771,15446170,15446170,1259800,14186370,26,0
22097686,303,4,4680987,4680987,22097686,17416699,17416699,1193422,16223277,16,0
22175946,322,8,4857727,4857727,22175946,17318219,17318219,657342,16660877,11,0
22203563,824,1,8998764,8998764,22203563,13204799,13204799,4659385,8545414,24,0
22315765,953,8,9904293,9904293,22315765,12411472,12411472,691857,11719615,5,0
22397483,291,8,4525610,4525610,22397483,17871873,17871873,666519,17205354,11,0
22417287,817,8,8931256,8931256,22417287,13486031,13486031,607327,12878704,9,0
22478132,661,4,6510890,6510890,22478132,15967242,15967242,1249411,14717831,21,0
22533815,417,4,5399276,5399276,22533815,17134539,17134539,1245835,15888704,33,0
22721280,420,4,5399341,5399341,22721280,17321939,17321939,1378372,15943567,34,0
22843807,227,1,4238503,4238503,22843807,18605304,18605304,4937645,13667659,77,0
22899056,534,8,5910762,5910762,22899056,16988294,16988294,658311,16329983,25,0
23126330,655,4,6509275,6509275,23126330,16617055,16617055,1449892,15167163,23,0
23144111,378,4,5284986,5284986,23144111,17859125,17859125,1259237,16599888,36,0
23220586,659,4,6510876,6510876,23220586,16709710,16709710,1299710,15410000,16,0
23463558,118,8,3288962,3288962,23463558,20174596,20174596,870212,19304384,12,0
23535059,234,1,4238526,4238526,23535059,19296533,19296533,5119517,14177016,68,0
23614832,580,4,6246733,6246733,23614832,17368099,17368099,1333761,16034338,19,0
23847060,657,4,6510828,6510828,23847060,17336232,17336232,1481587,15854645,22,0
23874900,336,8,5077256,5077256,23874900,18797644,18797644,681319,18116325,11,0
23929850,604,1,6435049,6435049,23929850,17494801,17494801,5225950,12268851,37,0
24496390,47,1,1945499,1945499,24496390,22550891,22550891,5807674,16743217,51,0
24769098,499,8,5808930,5808930,24769098,18960168,18960168,930731,18029437,23,0
25284379,22,1,1943851,1943851,25284379,23340528,23340528,5854815,17485713,44,0
25393382,430,4,5547539,5547539,25393382,19845843,19845843,1446097,18399746,37,0
25523605,494,4,5799387,5799387,25523605,19724218,19724218,1471813,18252405,27,0
25636393,714,4,7251689,7251689,25636393,18384704,18384704,1489781,16894923,18,0
26821859,801,16,8513322,8513322,26821859,18308537,18308537,1530740,16777797,8,0
26953825,955,8,9983541,9983541,26953825,16970284,16970284,834611,16135673,5,0
27410046,601,1,6435016,6435016,27410046,20975030,20975030,6110639,14864391,41,0
27558656,379,4,5284990,5284990,27558656,22273666,22273666,1623864,20649802,32,0
27566561,455,4,5690674,5690674,27566561,21875887,21875887,1485581,20390306,41,0
27655774,666,4,6554555,6554555,27655774,21101219,21101219,1580403,19520816,20,0
27752872,796,16,8463334,8463334,27752872,19289538,19289538,471856,18817682,5,0
27854935,784,8,8167020,8167020,27854935,19687915,19687915,880722,18807193,9,0
28045249,241,1,4238549,4238549,28045249,23806700,23806700,6437804,17368896,73,0
28055172,536,4,5918858,5918858,28055172,22136314,22136314,1581144,20555170,37,0
28142548,596,1,6307815,6307815,28142548,21834733,21834733,6410151,15424582,35,0
28355876,707,1,7229875,7229875,28355876,21126001,21126001,6489085,14636916,44,0
28542009,55,8,2094682,2094682,28542009,26447327,26447327,1010437,25436890,1,0
29195415,114,8,3245414,3245414,29195415,25950001,25950001,1466525,24483476,13,0
29450758,298,4,4570030,4570030,29450758,24880728,24880728,1922754,22957974,35,0
29638265,517,4,5870152,5870152,29638265,23768113,23768113,1839739,21928374,29,0
29870153,806,8,8666263,8666263,29870153,21203890,21203890,1066670,20137220,10,0
30164281,437,8,5576137,5576137,30164281,24588144,24588144,1136030,23452114,16,0
30376634,967,8,10730007,10730007,30376634,19646627,19646627,1071970,18574657,7,0
30554112,137,8,3581378,3581378,30554112,26972734,26972734,1047710,25925024,11,0
30611585,631,1,6483706,6483706,30611585,24127879,24127879,7064354,17063525,51,0
31231082,92,1,2372766,2372766,31231082,28858316,28858316,7937697,20920619,52,0
31313458,196,4,4022127,4022127,31313458,27291331,27291331,1931525,25359806,32,0
31356456,4,1,966542,966542,31356456,30389914,30389914,7835151,22554763,25,0
31387978,612,1,6477889,6477889,31387978,24910089,24910089,7123158,17786931,44,0
31597582,365,8,5214469,5214469,31597582,26383113,26383113,1139229,25243884,26,0
31737290,449,8,5655926,5655926,31737290,26081364,26081364,1074692,25006672,20,0
31738658,732,16,7407929,7407929,31738658,24330729,24330729,472923,23857806,4,0
31788137,179,4,3979177,3979177,31788137,27808960,27808960,1973216,25835744,28,0
31834662,281,4,4508009,4508009,31834662,27326653,27326653,1964410,25362243,28,0
31964692,351,4,5088196,5088196,31964692,26876496,26876496,2026656,24849840,36,0
32134870,571,4,6083344,6083344,32134870,26051526,26051526,2069773,23981753,18,0
32332577,960,8,10224956,10224956,32332577,22107621,22107621,1179866,20927755,8,0
32489849,56,1,2323019,2323019,32489849,30166830,30166830,8264266,21902564,60,0
32501780,74,1,2353471,2353471,32501780,30148309,30148309,8115009,22033300,64,0
32611510,72,1,2353435,2353435,32611510,30258075,30258075,8115649,22142426,53,0
32648243,540,8,5920134,5920134,32648243,26728109,26728109,1057821,25670288,10,0
33406666,70,1,2353402,2353402,33406666,31053264,31053264,8911092,22142172,62,0
33569276,319,4,4751993,4751993,33569276,28817283,28817283,2213426,26603857,26,0
34109258,63,1,2341283,2341283,34109258,31767975,31767975,8977195,22790780,58,0
34665902,239,1,4238543,4238543,34665902,30427359,30427359,8965879,21461480,73,0
35762474,431,8,5549352,5549352,35762474,30213122,30213122,2154271,28058851,21,0
35820183,836,8,9142146,9142146,35820183,26678037,26678037,1115672,25562365,12,0
35882992,823,16,8968659,8968659,35882992,26914333,26914333,594604,26319729,7,0
36196585,185,4,3994609,3994609,36196585,32201976,32201976,2494418,29707558,27,0
36292520,71,1,2353425,2353425,36292520,33939095,33939095,9006748,24932347,62,0
36314834,240,1,4238546,4238546,36314834,32076288,32076288,8965914,23110374,77,0
36331916,248,1,4238572,4238572,36331916,32093344,32093344,8962735,23130609,80,0
36713812,279,4,4505268,4505268,36713812,32208544,32208544,2651085,29557459,30,0
36860881,448,8,5654290,5654290,36860881,31206591,31206591,1274545,29932046,34,0
37320987,554,1,5983202,5983202,37320987,31337785,31337785,9614472,21723313,65,0
37859022,49,1,1945509,1945509,37859022,35913513,35913513,10021787,25891726,63,0
38001066,539,8,5920105,5920105,38001066,32080961,32080961,1306352,30774609,28,0
38064815,706,1,7229871,7229871,38064815,30834944,30834944,9536387,21298557,55,0
38286566,21,1,1943846,1943846,38286566,36342720,36342720,10092765,26249955,58,0
38473564,102,8,3173969,3173969,38473564,35299595,35299595,1424202,33875393,11,0
39043320,745,1,7785948,7785948,39043320,31257372,31257372,10507682,20749690,45,0
39067434,25,1,1943885,1943885,39067434,37123549,37123549,10119920,27003629,55,0
39223106,458,4,5691065,5691065,39223106,33532041,33532041,2660242,30871799,38,0
39232832,492,4,5799365,5799365,39232832,33433467,33433467,2616225,30817242,32,0
39322852,608,4,6440206,6440206,39322852,32882646,32882646,2600272,30282374,30,0
39465093,545,4,5967213,5967213,39465093,33497880,33497880,2764582,30733298,40,0
39827430,734,16,7409860,7409860,39827430,32417570,32417570,1016285,31401285,6,0
40798280,54,1,1945555,1945555,40798280,38852725,38852725,11776992,27075733,63,0
41124684,469,4,5709221,5709221,41124684,35415463,35415463,2985409,32430054,53,0
41269702,537,4,5918952,5918952,41269702,35350750,35350750,2809745,32541005,34,0
41396150,104,8,3180113,3180113,41396150,38216037,38216037,1555334,36660703,21,0
41492418,555,1,5983205,5983205,41492418,35509213,35509213,11207425,24301788,65,0
41524659,491,4,5790362,5790362,41524659,35734297,35734297,2883271,32851026,41,0
41538903,518,4,5871027,5871027,41538903,35667876,35667876,2897757,32770119,43,0
41556247,368,8,5214593,5214593,41556247,36341654,36341654,1457207,34884447,29,0
41778573,668,4,6588873,6588873,41778573,35189700,35189700,3035715,32153985,28,0
41992006,97,1,2530524,2530524,41992006,39461482,39461482,11984760,27476722,55,0
42619700,103,8,3179744,3179744,42619700,39439956,39439956,2179806,37260150,21,0
43492010,8,1,1245386,1245386,43492010,42246624,42246624,13480812,28765812,32,0
43783644,76,1,2353494,2353494,43783644,41430150,41430150,13585270,27844880,60,0
43938306,166,8,3852784,3852784,43938306,40085522,40085522,1617299,38468223,21,0
44195018,208,8,4098825,4098825,44195018,40096193,40096193,1866377,38229816,26,0
45074903,317,4,4748477,4748477,45074903,40326426,40326426,4110989,36215437,26,0
45361536,453,8,5659730,5659730,45361536,39701806,39701806,1737991,37963815,16,0
45889887,498,4,5805669,5805669,45889887,40084218,40084218,3863565,36220653,34,0
45946910,710,4,7244582,7244582,45946910,38702328,38702328,3155923,35546405,23,0
45951828,618,1,6477920,6477920,45951828,39473908,39473908,12614956,26858952,52,0
46013819,678,4,6636526,6636526,46013819,39377293,39377293,3159611,36217682,24,0
46051642,800,16,8505702,8505702,46051642,37545940,37545940,847210,36698730,9,0
46382896,785,8,8173466,8173466,46382896,38209430,38209430,1980405,36229025,15,0
47214646,626,1,6482611,6482611,47214646,40732035,40732035,13877799,26854236,74,0
47608767,968,8,10805328,10805328,47608767,36803439,36803439,2047827,34755612,10,0
47669766,123,8,3390490,3390490,47669766,44279276,44279276,1844772,42434504,16,0
48547006,173,8,3910611,3910611,48547006,44636395,44636395,2595154,42041241,33,0
49025487,546,4,5967229,5967229,49025487,43058258,43058258,4054366,39003892,36,0
49487867,350,1,5088087,5088087,49487867,44399780,44399780,14730119,29669661,89,0
49679080,619,1,6477925,6477925,49679080,43201155,43201155,14487804,28713351,56,0
50275990,139,8,3585839,3585839,50275990,46690151,46690151,2508012,44182139,16,0
50490557,178,4,3976270,3976270,50490557,46514287,46514287,3843225,42671062,30,0
50791947,7,1,1245348,1245348,50791947,49546599,49546599,15819506,33727093,44,0
51009267,696,1,7219983,7219983,51009267,43789284,43789284,14932196,28857088,61,0
51260232,65,1,2345983,2345983,51260232,48914249,48914249,16162395,32751854,63,0
51329743,244,1,4238559,4238559,51329743,47091184,47091184,15629291,31461893,84,0
51348454,68,1,2353317,2353317,51348454,48995137,48995137,16199856,32795281,66,0
51420190,176,4,3960108,3960108,51420190,47460082,47460082,4233932,43226150,30,0
51480566,294,4,4531321,4531321,51480566,46949245,46949245,4222737,42726508,28,0
51858444,0,1,0,0,51858444,51858444,51858444,16553419,35305025,32,0
51870553,45,1,1945474,1945474,51870553,49925079,49925079,16801373,33123706,70,0
52828097,527,4,5888974,5888974,52828097,46939123,46939123,5024333,41914790,42,0
53331806,764,16,8041056,8041056,53331806,45290750,45290750,1519948,43770802,16,0
53668789,952,8,9904218,9904218,53668789,43764571,43764571,2309805,41454766,11,0
54298498,190,4,3999219,3999219,54298498,50299279,50299279,4898751,45400528,34,0
54586949,284,4,4522057,4522057,54586949,50064892,50064892,4510920,45553972,36,0
54867161,763,16,8040988,8040988,54867161,46826173,46826173,1359648,45466525,11,0
56012455,119,8,3307318,3307318,56012455,52705137,52705137,3489630,49215507,11,0
56597491,184,4,3994590,3994590,56597491,52602901,52602901,5481504,47121397,41,0
56822317,37,1,1943971,1943971,56822317,54878346,54878346,19683845,35194501,61,0
57067828,277,4,4488504,4488504,57067828,52579324,52579324,4757259,47822065,31,0
57670296,371,8,5281775,5281775,57670296,52388521,52388521,3033527,49354994,36,0
58759389,481,4,5735152,5735152,58759389,53024237,53024237,5988730,47035507,39,0
59802464,867,1,9350020,9350020,59802464,50452444,50452444,19664052,30788392,48,0
59946133,1,8,201694,201694,59946133,59744439,59744439,2693739,57050700,2,0
60275837,42,1,1945418,1945418,60275837,58330419,58330419,20157236,38173183,67,0
60351623,89,1,2372749,2372749,60351623,57978874,57978874,20133364,37845510,64,0
60443841,13,1,1943781,1943781,60443841,58500060,58500060,20418941,38081119,76,0
60573353,152,8,3772318,3772318,60573353,56801035,56801035,2767652,54033383,16,0
60735387,325,8,4952491,4952491,60735387,55782896,55782896,2685497,53097399,27,0
60747753,79,1,2353535,2353535,60747753,58394218,58394218,20586017,37808201,71,0
60857803,62,1,2341233,2341233,60857803,58516570,58516570,20740797,37775773,67,0
61138696,85,1,2357366,2357366,61138696,58781330,58781330,20919234,37862096,63,0
61342599,83,1,2353718,2353718,61342599,58988881,58988881,21195801,37793080,68,0
61349128,526,4,5884574,5884574,61349128,55464554,55464554,5245310,50219244,37,0
61402116,488,4,5779955,5779955,61402116,55622161,55622161,5197317,50424844,44,0
61528033,937,8,9717883,9717883,61528033,51810150,51810150,2646685,49163465,17,0
62051336,11,1,1714609,1714609,62051336,60336727,60336727,21737258,38599469,51,0
62119064,101,8,3077111,3077111,62119064,59041953,59041953,2915419,56126534,20,0
62795787,602,1,6435021,6435021,62795787,56360766,56360766,21426459,34934307,55,0
64807664,100,8,2918990,2918990,64807664,61888674,61888674,5551190,56337484,10,0
65031890,132,8,3572883,3572883,65031890,61459007,61459007,3229596,58229411,16,0
65063039,138,8,3583341,3583341,65063039,61479698,61479698,3028554,58451144,16,0
65743567,131,8,3556332,3556332,65743567,62187235,62187235,3941402,58245833,18,0
65948461,157,8,3780272,3780272,65948461,62168189,62168189,2993021,59175168,16,0
66339527,160,8,3828965,3828965,66339527,62510562,62510562,3282653,59227909,22,0
66369292,155,8,3775315,3775315,66369292,62593977,62593977,3292328,59301649,22,0
66405936,91,1,2372761,2372761,66405936,64033175,64033175,26061094,37972081,65,0
66664450,16,1,1943802,1943802,66664450,64720648,64720648,26455762,38264886,63,0
66780845,28,1,1943923,1943923,66780845,64836922,64836922,26460528,38376394,76,0
67127882,182,8,3993416,3993416,67127882,63134466,63134466,3668532,59465934,19,0
67908702,210,8,4099456,4099456,67908702,63809246,63809246,3575000,60234246,21,0
68193114,219,8,4207092,4207092,68193114,63986022,63986022,3080035,60905987,24,0
68378226,73,1,2353463,2353463,68378226,66024763,66024763,28030793,37993970,70,0
69315050,245,1,4238563,4238563,69315050,65076487,65076487,22655711,42420776,89,0
69340254,330,8,5030414,5030414,69340254,64309840,64309840,2945713,61364127,16,0
69456869,297,4,4534242,4534242,69456869,64922627,64922627,5626924,59295703,29,0
71140133,323,8,4951959,4951959,71140133,66188174,66188174,4861795,61326379,13,0
71958788,418,4,5399317,5399317,71958788,66559471,66559471,6259691,60299780,52,0
72033787,460,4,5699331,5699331,72033787,66334456,66334456,5575230,60759226,61,0
72180835,654,4,6509257,6509257,72180835,65671578,65671578,5889583,59781995,40,0
72344440,436,4,5574140,5574140,72344440,66770300,66770300,6632085,60138215,44,0
72552375,452,4,5659723,5659723,72552375,66892652,66892652,6724507,60168145,46,0
73045639,632,1,6483711,6483711,73045639,66561928,66561928,22592541,43969387,64,0
73077175,663,4,6510903,6510903,73077175,66566272,66566272,6677077,59889195,32,0
73182475,691,16,7142056,7142056,73182475,66040419,66040419,1657084,64383335,16,0
73441718,662,4,6510898,6510898,73441718,66930820,66930820,7149889,59780931,42,0
73509992,610,1,6472782,6472782,73509992,67037210,67037210,22876854,44160356,65,0
73598934,737,16,7557853,7557853,73598934,66041081,66041081,1494258,64546823,10,0
74605120,682,4,6711622,6711622,74605120,67893498,67893498,8011742,59881756,39,0
74764273,805,16,8517527,8517527,74764273,66246746,66246746,1606906,64639840,9,0
74766564,866,8,9323676,9323676,74766564,65442888,65442888,2757467,62685421,20,0
74992524,789,32,8334448,8334448,74992524,66658076,66658076,1075745,65582331,10,0
75004051,841,32,9313816,9313816,75004051,65690235,65690235,808690,64881545,13,0
75252990,872,8,9352960,9352960,75252990,65900030,65900030,3609255,62290775,18,0
75388482,704,1,7229865,7229865,75388482,68158617,68158617,24786659,43371958,59,0
75555298,642,1,6495752,6495752,75555298,69059546,69059546,25113677,43945869,60,0
75985329,939,8,9722372,9722372,75985329,66262957,66262957,4013312,62249645,18,0
76537201,129,8,3514079,3514079,76537201,73023122,73023122,4275440,68747682,19,0
77247406,146,8,3670480,3670480,77247406,73576926,73576926,5065985,68510941,18,0
77785567,877,1,9375612,9375612,77785567,68409955,68409955,27178153,41231802,49,0
78603330,564,1,6050374,6050374,78603330,72552956,72552956,28918781,43634175,63,0
79084315,611,1,6472830,6472830,79084315,72611485,72611485,28450663,44160822,67,0
79662054,197,4,4022175,4022175,79662054,75639879,75639879,9233705,66406174,45,0
80119097,271,8,4389136,4389136,80119097,75729961,75729961,4280360,71449601,25,0
80545617,292,8,4525638,4525638,80545617,76019979,76019979,4505508,71514471,18,0
80898411,15,1,1943792,1943792,80898411,78954619,78954619,34989907,43964712,68,0
80960023,17,1,1943808,1943808,80960023,79016215,79016215,34993152,44023063,74,0
80994121,27,1,1943907,1943907,80994121,79050214,79050214,34985762,44064452,77,0
82169714,461,4,5702448,5702448,82169714,76467266,76467266,9325789,67141477,54,0
83217964,485,8,5746918,5746918,83217964,77471046,77471046,4691268,72779778,19,0
83358251,538,8,5920075,5920075,83358251,77438176,77438176,3841303,73596873,22,0
83530271,683,8,6713307,6713307,83530271,76816964,76816964,3912842,72904122,21,0
83817275,39,1,1945383,1945383,83817275,81871892,81871892,37823894,44047998,66,0
83834465,677,8,6619673,6619673,83834465,77214792,77214792,4526161,72688631,16,0
84485369,220,1,4211443,4211443,84485369,80273926,80273926,35733717,44540209,60,0
84704943,236,1,4238533,4238533,84704943,80466410,80466410,33958617,46507793,93,0
85324731,735,8,7537843,7537843,85324731,77786888,77786888,4508223,73278665,12,0
85842000,804,16,8517361,8517361,85842000,77324639,77324639,2689593,74635046,10,0
85972477,803,8,8516889,8516889,85972477,77455588,77455588,4280645,73174943,16,0
85976439,33,1,1943947,1943947,85976439,84032492,84032492,37943981,46088511,65,0
86228958,828,8,9041075,9041075,86228958,77187883,77187883,4535679,72652204,14,0
87719845,230,1,4238513,4238513,87719845,83481332,83481332,37013175,46468157,109,0
87740883,107,8,3211674,3211674,87740883,84529209,84529209,5567322,78961887,20,0
87799648,253,1,4238590,4238590,87799648,83561058,83561058,37010449,46550609,91,0
88453991,625,1,6482605,6482605,88453991,81971386,81971386,34482099,47489287,74,0
88695528,2,8,724670,724670,88695528,87970858,87970858,7635430,80335428,6,0
89477820,108,8,3221514,3221514,89477820,86256306,86256306,7008151,79248155,16,0
90647311,217,1,4126763,4126763,90647311,86520548,86520548,41317767,45202781,84,0
92311263,109,8,3232960,3232960,92311263,89078303,89078303,9333904,79744399,18,0
96393155,115,8,3251335,3251335,96393155,93141820,93141820,13233338,79908482,13,0
96519883,87,1,2372737,2372737,96519883,94147146,94147146,48879883,45267263,68,0
97080149,82,1,2353661,2353661,97080149,94726488,94726488,49436446,45290042,72,0
100616547,60,1,2341107,2341107,100616547,98275440,98275440,53019317,45256123,66,0
100967843,19,1,1943819,1943819,100967843,99024024,99024024,53480615,45543409,73,0
101435872,172,4,3910570,3910570,101435872,97525302,97525302,10367049,87158253,44,0
102395991,175,4,3959858,3959858,102395991,98436133,98436133,10589332,87846801,37,0
102409992,203,4,4072721,4072721,102409992,98337271,98337271,9937756,88399515,45,0
104050488,249,1,4238576,4238576,104050488,99811912,99811912,39898625,59913287,98,0
105595395,136,8,3575962,3575962,105595395,102019433,102019433,14154899,87864534,22,0
108146548,121,8,3336253,3336253,108146548,104810295,104810295,23608908,81201387,9,0
109658678,9,8,1429823,1429823,109658678,108228855,108228855,28776753,79452102,6,0
110392215,29,1,1943927,1943927,110392215,108448288,108448288,62359670,46088618,67,0
110403678,36,1,1943965,1943965,110403678,108459713,108459713,62385505,46074208,67,0
114437506,134,8,3573973,3573973,114437506,110863533,110863533,27329704,83533829,18,0
115061984,96,8,2471567,2471567,115061984,112590417,112590417,34153815,78436602,17,0
115161219,120,8,3336208,3336208,115161219,111825011,111825011,31984981,79840030,18,0
118424519,93,1,2372773,2372773,118424519,116051746,116051746,70853534,45198212,62,0
118772190,145,8,3668737,3668737,118772190,115103453,115103453,18064806,97038647,23,0
119297029,163,8,3832267,3832267,119297029,115464762,115464762,5504832,109959930,35,0
119686831,99,8,2918986,2918986,119686831,116767845,116767845,37519103,79248742,11,0
121010978,161,8,3829332,3829332,121010978,117181646,117181646,10732174,106449472,16,0
121153872,154,8,3774084,3774084,121153872,117379788,117379788,11608178,105771610,21,0
121525240,168,8,3854783,3854783,121525240,117670457,117670457,7117042,110553415,18,0
123459296,594,1,6307606,6307606,123459296,117151690,117151690,44355410,72796280,57,0
127510852,67,1,2352468,2352468,127510852,125158384,125158384,79862770,45295614,64,0
127691505,113,8,3244307,3244307,127691505,124447198,124447198,45445551,79001647,12,0
128019244,158,8,3817947,3817947,128019244,124201297,124201297,17929354,106271943,21,0
128209800,78,1,2353524,2353524,128209800,125856276,125856276,80653716,45202560,71,0
128320090,77,1,2353516,2353516,128320090,125966574,125966574,80672194,45294380,69,0
130911249,169,8,3855623,3855623,130911249,127055626,127055626,15123244,111932382,25,0
131570534,201,8,4072683,4072683,131570534,127497851,127497851,8871555,118626296,31,0
133093741,183,8,3993843,3993843,133093741,129099898,129099898,16595433,112504465,35,0
133683205,242,1,4238553,4238553,133683205,129444652,129444652,73979759,55464893,109,0
137615731,40,1,1945403,1945403,137615731,135670328,135670328,89597522,46072806,68,0
138189274,20,1,1943835,1943835,138189274,136245439,136245439,90183855,46061584,71,0
138426657,26,1,1943901,1943901,138426657,136482756,136482756,90403637,46079119,66,0
139386268,187,8,3994883,3994883,139386268,135391385,135391385,16834391,118556994,30,0
144920129,229,1,4238510,4238510,144920129,140681619,140681619,86244586,54437033,108,0
146510124,207,8,4098822,4098822,146510124,142411302,142411302,19858305,122552997,34,0
147353137,52,1,1945545,1945545,147353137,145407592,145407592,99748414,45659178,71,0
148101061,262,4,4265546,4265546,148101061,143835515,143835515,10518840,133316675,34,0
148381923,213,8,4100763,4100763,148381923,144281160,144281160,6997784,137283376,24,0
148727890,31,1,1943937,1943937,148727890,146783953,146783953,100695350,46088603,66,0
150033989,216,8,4117554,4117554,150033989,145916435,145916435,6926352,138990083,36,0
154702604,206,8,4098818,4098818,154702604,150603786,150603786,28748786,121855000,27,0
155534526,167,8,3854780,3854780,155534526,151679746,151679746,41227654,110452092,25,0
156915660,250,1,4238580,4238580,156915660,152677080,152677080,86240575,66436505,92,0
158143528,261,8,4257328,4257328,158143528,153886200,153886200,8444575,145441625,31,0
160319425,209,8,4099352,4099352,160319425,156220073,156220073,32020995,124199078,39,0
164165351,563,1,6050371,6050371,164165351,158114980,158114980,71295289,86819691,75,0
164770795,69,1,2353391,2353391,164770795,162417404,162417404,117124436,45292968,73,0
164803818,306,4,4710459,4710459,164803818,160093359,160093359,19718168,140375191,29,0
165490363,606,1,6435092,6435092,165490363,159055271,159055271,45967258,113088013,64,0
166473304,211,8,4099614,4099614,166473304,162373690,162373690,32020164,130353526,37,0
167011022,278,4,4494277,4494277,167011022,162516745,162516745,21056303,141460442,37,0
167396281,149,8,3675831,3675831,167396281,163720450,163720450,64461291,99259159,26,0
168195997,616,1,6477911,6477911,168195997,161718086,161718086,41044544,120673542,62,0
172257431,308,4,4710494,4710494,172257431,167546937,167546937,17993501,149553436,46,0
172622479,316,4,4748470,4748470,172622479,167874009,167874009,15604633,152269376,32,0
174584576,405,1,5343745,5343745,174584576,169240831,169240831,90046965,79193866,87,0
174923539,628,1,6483527,6483527,174923539,168440012,168440012,45029081,123410931,68,0
175890404,59,1,2326970,2326970,175890404,173563434,173563434,128284135,45279299,76,0
178083807,383,4,5303101,5303101,178083807,172780706,172780706,12763673,160017033,35,0
178645793,462,4,5702462,5702462,178645793,172943331,172943331,10059291,162884040,49,0
178985850,471,4,5709282,5709282,178985850,173276568,173276568,9834010,163442558,75,0
182312535,48,1,1945503,1945503,182312535,180367032,180367032,134287646,46079386,74,0
182773796,254,1,4242644,4242644,182773796,178531152,178531152,106524172,72006980,104,0
183468738,180,8,3991832,3991832,183468738,179476906,179476906,67057292,112419614,30,0
183875916,276,4,4483075,4483075,183875916,179392841,179392841,45504044,133888797,37,0
186478685,331,8,5030418,5030418,186478685,181448267,181448267,7444654,174003613,17,0
189471274,609,1,6472517,6472517,189471274,182998757,182998757,56400319,126598438,68,0
193825647,204,8,4098805,4098805,193825647,189726842,189726842,70775721,118951121,32,0
194352856,646,1,6495875,6495875,194352856,187856981,187856981,51206944,136650037,70,0
195094788,12,1,1943248,1943248,195094788,193151540,193151540,147777212,45374328,85,0
195738288,282,8,4513730,4513730,195738288,191224558,191224558,42652470,148572088,38,0
197845170,218,8,4207065,4207065,197845170,193638105,193638105,52914795,140723310,23,0
204006010,349,8,5079170,5079170,204006010,198926840,198926840,13130167,185796673,21,0
204602788,327,8,4968494,4968494,204602788,199634294,199634294,25972146,173662148,28,0
205568436,334,8,5061663,5061663,205568436,200506773,200506773,16588269,183918504,18,0
205788444,51,1,1945520,1945520,205788444,203842924,203842924,157763317,46079607,70,0
206836944,333,8,5061660,5061660,206836944,201775284,201775284,25200344,176574940,25,0
218803011,393,8,5305810,5305810,218803011,213497201,213497201,16916489,196580712,26,0
221855837,90,1,2372756,2372756,221855837,219483081,219483081,174217161,45265920,66,0
221857867,88,1,2372744,2372744,221857867,219485123,219485123,174218133,45266990,67,0
222646157,390,8,5305183,5305183,222646157,217340974,217340974,23618215,193722759,20,0
223684321,84,1,2354619,2354619,223684321,221329702,221329702,176129835,45199867,65,0
225784196,75,1,2353483,2353483,225784196,223430713,223430713,178138261,45292452,68,0
227539804,439,8,5609800,5609800,227539804,221930004,221930004,9843180,212086824,46,0
232333952,400,8,5321019,5321019,232333952,227012933,227012933,18666690,208346243,23,0
234280613,3,1,945683,945683,234280613,233334930,233334930,188749451,44585479,44,0
236594589,293,8,4527914,4527914,236594589,232066675,232066675,81242390,150824285,31,0
236790295,370,8,5232515,5232515,236790295,231557780,231557780,43695441,187862339,26,0
237556481,447,8,5654281,5654281,237556481,231902200,231902200,6367594,225534606,41,0
239021004,473,4,5709310,5709310,239021004,233311694,233311694,35957456,197354238,61,0
239222539,311,8,4720969,4720969,239222539,234501570,234501570,77684512,156817058,16,0
239315741,441,8,5611975,5611975,239315741,233703766,233703766,16501549,217202217,33,0
240426088,450,8,5655933,5655933,240426088,234770155,234770155,8807496,225962659,28,0
242866982,533,8,5907010,5907010,242866982,236959972,236959972,8497254,228462718,24,0
244699310,547,4,5967243,5967243,244699310,238732067,238732067,14838170,223893897,49,0
245053866,150,8,3698317,3698317,245053866,241355549,241355549,140328703,101026846,23,0
245213061,558,4,6045015,6045015,245213061,239168046,239168046,14842348,224325698,45,0
245349139,442,8,5611979,5611979,245349139,239737160,239737160,17743442,221993718,39,0
245886206,559,4,6045026,6045026,245886206,239841180,239841180,14899169,224942011,40,0
246088096,543,4,5961299,5961299,246088096,240126797,240126797,17929128,222197669,42,0
247296220,324,8,4951999,4951999,247296220,242344221,242344221,84840751,157503470,20,0
249997114,686,8,6997386,6997386,249997114,242999728,242999728,9052417,233947311,16,0
251146370,664,4,6510910,6510910,251146370,244635460,244635460,17760981,226874479,35,0
251915727,667,4,6554564,6554564,251915727,245361163,245361163,16576916,228784247,37,0
253081509,688,16,6998093,6998093,253081509,246083416,246083416,4783066,241300350,10,0
255321285,501,8,5818917,5818917,255321285,249502368,249502368,21153074,228349294,39,0
256413051,43,1,1945454,1945454,256413051,254467597,254467597,208384152,46083445,72,0
259554849,693,8,7188172,7188172,259554849,252366677,252366677,10455143,241911534,21,0
260090655,689,16,7063496,7063496,260090655,253027159,253027159,9688824,243338335,10,0
260105349,690,16,7063550,7063550,260105349,253041799,253041799,2738092,250303707,14,0
260732076,754,8,7911064,7911064,260732076,252821012,252821012,5439147,247381865,16,0
264236058,718,8,7314985,7314985,264236058,256921073,256921073,9153298,247767775,15,0
264407429,758,8,7967236,7967236,264407429,256440193,256440193,8705710,247734483,33,0
265533526,440,8,5609804,5609804,265533526,259923722,259923722,44604760,215318962,26,0
267433077,767,8,8054934,8054934,267433077,259378143,259378143,7364951,252013192,18,0
267676318,50,1,1945514,1945514,267676318,265730804,265730804,219650984,46079820,69,0
268002040,769,8,8055147,8055147,268002040,259946893,259946893,5577538,254369355,21,0
268019933,572,4,6083370,6083370,268019933,261936563,261936563,34598640,227337923,30,0
269650860,35,1,1943959,1943959,269650860,267706901,267706901,221628860,46078041,70,0
270383841,23,1,1943861,1943861,270383841,268439980,268439980,222369295,46070685,65,0
271218999,574,8,6135603,6135603,271218999,265083396,265083396,31183666,233899730,20,0
271271495,802,8,8516854,8516854,271271495,262754641,262754641,4872628,257882013,17,0
271325638,95,8,2471552,2471552,271325638,268854086,268854086,190438576,78415510,12,0
278781808,694,8,7188203,7188203,278781808,271593605,271593605,24407821,247185784,16,0
279089479,762,16,8040909,8040909,279089479,271048570,271048570,17203261,253845309,10,0
279419718,795,16,8462645,8462645,279419718,270957073,270957073,14021660,256935413,12,0
281674889,80,1,2353564,2353564,281674889,279321325,279321325,234038188,45283137,69,0
282963483,840,32,9312655,9312655,282963483,273650828,273650828,4792533,268858295,9,0
284241024,687,8,6997579,6997579,284241024,277243445,277243445,41670971,235572474,20,0
286027224,870,8,9352373,9352373,286027224,276674851,276674851,9187653,267487198,16,0
291767700,46,1,1945483,1945483,291767700,289822217,289822217,243779821,46042396,75,0
294205431,833,16,9129154,9129154,294205431,285076277,285076277,25389973,259686304,11,0
301031018,934,32,9632785,9632785,301031018,291398233,291398233,8042321,283355912,6,0
301873315,869,8,9352358,9352358,301873315,292520957,292520957,25093276,267427681,16,0
304620977,873,8,9352975,9352975,304620977,295268002,295268002,27216573,268051429,19,0
305394936,865,8,9323577,9323577,305394936,296071359,296071359,32707723,263363636,22,0
306892556,98,8,2746135,2746135,306892556,304146421,304146421,226247035,77899386,16,0
320473640,81,1,2353630,2353630,320473640,318120010,318120010,272836421,45283589,71,0
329606371,94,1,2372779,2372779,329606371,327233592,327233592,282036009,45197583,65,0
334304564,326,8,4959086,4959086,334304564,329345478,329345478,166518969,162826509,36,0
342538385,14,1,1943786,1943786,342538385,340594599,340594599,295257571,45337028,82,0
378044341,392,8,5305807,5305807,378044341,372738534,372738534,177618730,195119804,21,0
378781350,391,8,5305187,5305187,378781350,373476163,373476163,179156800,194319363,28,0
384910997,127,8,3512880,3512880,384910997,381398117,381398117,297417871,83980246,18,0
389071525,44,1,1945464,1945464,389071525,387126061,387126061,341081875,46044186,70,0
392271580,34,1,1943953,1943953,392271580,390327627,390327627,344249856,46077771,75,0
438109162,5,1,1245115,1245115,438109162,436864047,436864047,392891528,43972519,50,0
439200429,10,1,1639747,1639747,439200429,437560682,437560682,392159634,45401048,55,0
491860976,61,1,2341194,2341194,491860976,489519782,489519782,444263695,45256087,72,0
494303126,573,8,6135599,6135599,494303126,488167527,488167527,254701742,233465785,28,0
503377255,6,1,1245337,1245337,503377255,502131918,502131918,458042975,44088943,52,0
