time,job_id,num_gpu,submit_time,start_time,end_time,executed_time,JCT,duration,pending_time,preempt,promote
725761,32,1,704390,704390,725761,21371,21371,21371,0,0,0
732022,30,1,704279,704279,732022,27743,27743,27743,0,0,0
753467,24,1,700252,700252,753467,53215,53215,53215,0,0,0
957788,41,1,938192,938192,957788,19596,19596,19596,0,0,0
959896,22,1,692576,692576,959896,267320,267320,267320,0,0,0
998864,58,1,973862,973862,998864,25002,25002,25002,0,0,0
1008860,57,1,973805,973805,1008860,35055,35055,35055,0,0,0
1010896,55,1,968605,968605,1010896,42291,42291,42291,0,0,0
1015008,53,1,968529,968529,1015008,46479,46479,46479,0,0,0
1039384,38,1,938113,938113,1039384,101271,101271,101271,0,0,0
1086359,52,1,961167,961167,1086359,125192,125192,125192,0,0,0
1088572,66,1,1045400,1045400,1088572,43172,43172,43172,0,0,0
1114333,25,1,702587,702587,1114333,411746,411746,411746,0,0,0
1119148,64,1,1045189,1045189,1119148,73959,73959,73959,0,0,0
1158607,51,1,961139,961139,1158607,197468,197468,197468,0,0,0
1171681,47,1,960601,960601,1171681,211080,211080,211080,0,0,0
1182269,28,1,703872,703872,1182269,478397,478397,478397,0,0,0
1223319,50,1,961107,961107,1223319,262212,262212,262212,0,0,0
1283536,18,1,120,120,1283536,1283416,1283416,1283416,0,0,0
1284095,1,1,7,7,1284095,1284088,1284088,1284088,0,0,0
1331117,56,1,968944,968944,1331117,362173,362173,362173,0,0,0
1339529,49,1,960756,960756,1339529,378773,378773,378773,0,0,0
1392290,54,1,968562,968562,1392290,423728,423728,423728,0,0,0
1422516,86,1,1378032,1378032,1422516,44484,44484,44484,0,0,0
1441065,63,1,1045144,1045144,1441065,395921,395921,395921,0,0,0
1492502,72,1,1141411,1141411,1492502,351091,351091,351091,0,0,0
1506172,37,1,938081,938081,1506172,568091,568091,568091,0,0,0
1520894,27,1,702715,702715,1520894,818179,818179,818179,0,0,0
1540562,71,1,1128497,1128497,1540562,412065,412065,412065,0,0,0
1541048,70,1,1127794,1127794,1541048,413254,413254,413254,0,0,0
1541342,42,1,950582,950582,1541342,590760,590760,590760,0,0,0
1580750,45,1,960029,960029,1580750,620721,620721,620721,0,0,0
1665851,33,1,935511,935511,1665851,730340,730340,730340,0,0,0
1670789,39,1,938166,938166,1670789,732623,732623,732623,0,0,0
1745003,111,1,1744210,1744210,1745003,793,793,793,0,0,0
1752338,102,1,1726203,1726203,1752338,26135,26135,26135,0,0,0
1759704,116,1,1759074,1759074,1759704,630,630,630,0,0,0
1763760,92,1,1380669,1380669,1763760,383091,383091,383091,0,0,0
1786153,108,1,1743378,1743378,1786153,42775,42775,42775,0,0,0
1792175,68,1,1045552,1045552,1792175,746623,746623,746623,0,0,0
1802065,122,1,1801075,1801075,1802065,990,990,990,0,0,0
1802638,126,1,1801663,1801663,1802638,975,975,975,0,0,0
1802709,124,1,1801226,1801226,1802709,1483,1483,1483,0,0,0
1803642,117,1,1759533,1759533,1803642,44109,44109,44109,0,0,0
1816433,98,1,1723994,1723994,1816433,92439,92439,92439,0,0,0
1846150,128,1,1803799,1803799,1846150,42351,42351,42351,0,0,0
1865200,141,1,1842364,1842364,1865200,22836,22836,22836,0,0,0
1865911,133,1,1812636,1812636,1865911,53275,53275,53275,0,0,0
1866446,110,1,1743955,1743955,1866446,122491,122491,122491,0,0,0
1875272,140,1,1841216,1841216,1875272,34056,34056,34056,0,0,0
1878745,151,1,1845418,1845418,1878745,33327,33327,33327,0,0,0
1886921,121,1,1801032,1801032,1886921,85889,85889,85889,0,0,0
1896034,125,1,1801646,1801646,1896034,94388,94388,94388,0,0,0
1900213,142,1,1842912,1842912,1900213,57301,57301,57301,0,0,0
1907976,109,1,1743463,1743463,1907976,164513,164513,164513,0,0,0
1918743,101,1,1725760,1725760,1918743,192983,192983,192983,0,0,0
1925210,159,1,1885939,1885939,1925210,39271,39271,39271,0,0,0
1928207,156,1,1885343,1885343,1928207,42864,42864,42864,0,0,0
1929602,62,1,1025082,1025082,1929602,904520,904520,904520,0,0,0
1938545,135,1,1813448,1813448,1938545,125097,125097,125097,0,0,0
1950521,120,1,1801012,1801012,1950521,149509,149509,149509,0,0,0
1952425,170,1,1924444,1924444,1952425,27981,27981,27981,0,0,0
1970524,174,1,1947804,1947804,1970524,22720,22720,22720,0,0,0
1971937,65,1,1045336,1045336,1971937,926601,926601,926601,0,0,0
1982600,29,1,704225,704225,1982600,1278375,1278375,1278375,0,0,0
1985941,181,1,1949149,1949149,1985941,36792,36792,36792,0,0,0
1989412,112,1,1756315,1756315,1989412,233097,233097,233097,0,0,0
1990796,177,1,1948989,1948989,1990796,41807,41807,41807,0,0,0
1997801,74,1,1364078,1364078,1997801,633723,633723,633723,0,0,0
2024744,137,1,1815141,1815141,2024744,209603,209603,209603,0,0,0
2024904,157,1,1885827,1885827,2024904,139077,139077,139077,0,0,0
2031047,123,1,1801112,1801112,2031047,229935,229935,229935,0,0,0
2032686,195,1,2007405,2007405,2032686,25281,25281,25281,0,0,0
2039089,165,1,1924148,1924148,2039089,114941,114941,114941,0,0,0
2093397,154,1,1884524,1884524,2093397,208873,208873,208873,0,0,0
2108159,199,1,2064753,2064753,2108159,43406,43406,43287,119,1,0
2117658,100,1,1724302,1724302,2117658,393356,393356,393356,0,0,0
2122303,202,1,2064842,2064842,2122303,57461,57461,33681,23780,2,0
2213330,143,1,1843553,1843553,2213330,369777,369777,369777,0,0,0
2251661,205,1,2065001,2065001,2251661,186660,186660,117610,69050,3,0
2263400,168,1,1924246,1924246,2263400,339154,339154,339154,0,0,0
2323053,162,1,1888077,1888077,2323053,434976,434976,434976,0,0,0
2337215,104,1,1730756,1730756,2337215,606459,606459,606459,0,0,0
2357938,171,1,1924474,1924474,2357938,433464,433464,433464,0,0,0
2358083,160,1,1888031,1888031,2358083,470052,470052,470052,0,0,0
2367622,130,1,1809683,1809683,2367622,557939,557939,557939,0,0,0
2382095,212,1,2172744,2172744,2382095,209351,209351,23814,185537,2,0
2413443,138,1,1815174,1815174,2413443,598269,598269,598269,0,0,0
2421412,76,1,1364283,1364283,2421412,1057129,1057129,1057129,0,0,0
2423915,131,1,1810858,1810858,2423915,613057,613057,613057,0,0,0
2428344,97,1,1723803,1723803,2428344,704541,704541,704541,0,0,0
2440193,200,1,2064768,2064768,2440193,375425,375425,340138,35287,6,0
2492375,186,1,1983857,1983857,2492375,508518,508518,497033,11485,2,0
2508664,208,1,2172384,2172384,2508664,336280,336280,206012,130268,6,0
2521217,215,1,2173040,2173040,2521217,348177,348177,106597,241580,2,0
2533970,314,1,2528371,2528371,2533970,5599,5599,5599,0,0,0
2534568,310,1,2527792,2527792,2534568,6776,6776,6776,0,0,0
2535001,315,1,2528414,2528414,2535001,6587,6587,6587,0,0,0
2537141,341,1,2534450,2534450,2537141,2691,2691,2691,0,0,0
2537254,321,1,2532376,2532376,2537254,4878,4878,4878,0,0,0
2537933,328,1,2532772,2532772,2537933,5161,5161,5161,0,0,0
2538879,347,1,2534632,2534632,2538879,4247,4247,4247,0,0,0
2539621,343,1,2534499,2534499,2539621,5122,5122,5122,0,0,0
2541871,144,1,1843865,1843865,2541871,698006,698006,698006,0,0,0
2573255,223,1,2173509,2173509,2573255,399746,399746,29527,370219,1,0
2611611,146,1,1844993,1844993,2611611,766618,766618,766618,0,0,0
2637501,153,1,1845482,1845482,2637501,792019,792019,792019,0,0,0
2642707,91,1,1380601,1380601,2642707,1262106,1262106,1262106,0,0,0
2658546,119,1,1796081,1796081,2658546,862465,862465,862465,0,0,0
2674679,193,1,2007012,2007012,2674679,667667,667667,629798,37869,5,0
2682384,188,1,2000491,2000491,2682384,681893,681893,656242,25651,4,0
2711894,228,1,2187760,2187760,2711894,524134,524134,60548,463586,1,0
2722155,36,1,937949,937949,2722155,1784206,1784206,1784206,0,0,0
2733534,161,1,1888056,1888056,2733534,845478,845478,845478,0,0,0
2765557,232,1,2188436,2188436,2765557,577121,577121,50602,526519,1,0
2766693,233,1,2188472,2188472,2766693,578221,578221,40359,537862,1,0
2791543,210,1,2172693,2172693,2791543,618850,618850,405024,213826,6,0
2792953,164,1,1924105,1924105,2792953,868848,868848,865272,3576,1,0
2794961,26,1,702691,702691,2794961,2092270,2092270,2092270,0,0,0
2810358,198,1,2064731,2064731,2810358,745627,745627,694976,50651,8,0
2811290,107,1,1733082,1733082,2811290,1078208,1078208,1078208,0,0,0
2816243,235,1,2188589,2188589,2816243,627654,627654,56750,570904,1,0
2816267,238,1,2189239,2189239,2816267,627028,627028,28506,598522,1,0
2831092,96,1,1723386,1723386,2831092,1107706,1107706,1107706,0,0,0
2833704,152,1,1845450,1845450,2833704,988254,988254,988254,0,0,0
2872945,224,1,2173525,2173525,2872945,699420,699420,299162,400258,2,0
2879984,31,1,704345,704345,2879984,2175639,2175639,2175639,0,0,0
2911927,226,1,2187649,2187649,2911927,724278,724278,281626,442652,1,0
2914022,132,1,1812421,1812421,2914022,1101601,1101601,1101601,0,0,0
2934566,247,1,2190888,2190888,2934566,743678,743678,29839,713839,1,0
2950860,79,1,1365153,1365153,2950860,1585707,1585707,1585707,0,0,0
3038206,85,1,1372151,1372151,3038206,1666055,1666055,1666055,0,0,0
3040544,83,1,1370327,1370327,3040544,1670217,1670217,1670217,0,0,0
3047939,243,1,2190758,2190758,3047939,857181,857181,224047,633134,1,0
3057145,118,1,1759582,1759582,3057145,1297563,1297563,1297563,0,0,0
3058149,214,1,2172991,2172991,3058149,885158,885158,646645,238513,4,0
3060122,251,1,2261456,2261456,3060122,798666,798666,29116,769550,1,0
3062716,182,1,1949186,1949186,3062716,1113530,1113530,1099627,13903,7,0
3069668,89,1,1379231,1379231,3069668,1690437,1690437,1690437,0,0,0
3073894,256,1,2263249,2263249,3073894,810645,810645,20972,789673,1,0
3101580,259,1,2263536,2263536,3101580,838044,838044,34886,803158,1,0
3132822,225,1,2173541,2173541,3132822,959281,959281,519898,439383,2,0
3137568,105,1,1732151,1732151,3137568,1405417,1405417,1405417,0,0,0
3141833,219,1,2173142,2173142,3141833,968691,968691,668662,300029,4,0
3159747,252,1,2261522,2261522,3159747,898225,898225,126403,771822,1,0
3167705,263,1,2278143,2278143,3167705,889562,889562,33072,856490,1,0
3217095,169,1,1924278,1924278,3217095,1292817,1292817,1288797,4020,2,0
3249679,194,1,2007100,2007100,3249679,1242579,1242579,1203437,39142,5,0
3257359,266,1,2279635,2279635,3257359,977724,977724,35147,942577,2,0
3280773,268,1,2279858,2279858,3280773,1000915,1000915,30614,970301,1,0
3305929,269,1,2279910,2279910,3305929,1026019,1026019,32356,993663,1,0
3308505,260,1,2263557,2263557,3308505,1044948,1044948,206925,838023,2,0
3328270,267,1,2279684,2279684,3328270,1048586,1048586,85791,962795,1,0
3328341,237,1,2188647,2188647,3328341,1139694,1139694,542588,597106,1,0
3366400,272,1,2320312,2320312,3366400,1046088,1046088,45330,1000758,1,0
3368612,213,1,2172762,2172762,3368612,1195850,1195850,967611,228239,4,0
3376196,227,1,2187717,2187717,3376196,1188479,1188479,740689,447790,1,0
3379482,163,1,1888100,1888100,3379482,1491382,1491382,1491382,0,0,0
3407954,264,1,2278253,2278253,3407954,1129701,1129701,244013,885688,2,0
3408752,246,1,2190860,2190860,3408752,1217892,1217892,530149,687743,2,0
3416403,275,1,2338068,2338068,3416403,1078335,1078335,54991,1023344,1,0
3461131,280,1,2339584,2339584,3461131,1121547,1121547,44629,1076918,2,0
3495394,258,1,2263503,2263503,3495394,1231891,1231891,419936,811955,3,0
3501572,73,1,1363678,1363678,3501572,2137894,2137894,2137894,0,0,0
3510283,40,1,938190,938190,3510283,2572093,2572093,2572093,0,0,0
3514257,283,1,2340778,2340778,3514257,1173479,1173479,19885,1153594,1,0
3522609,445,1,3521610,3521610,3522609,999,999,999,0,0,0
3540637,464,1,3533855,3533855,3540637,6782,6782,6782,0,0,0
3544510,241,1,2190431,2190431,3544510,1354079,1354079,735467,618612,1,0
3573322,286,1,2365153,2365153,3573322,1208169,1208169,36012,1172157,1,0
3597967,480,1,3597520,3597520,3597967,447,447,447,0,0,0
3597979,484,1,3597570,3597570,3597979,409,409,409,0,0,0
3598036,470,1,3597355,3597355,3598036,681,681,681,0,0,0
3598080,477,1,3597479,3597479,3598080,601,601,601,0,0,0
3598323,476,1,3597459,3597459,3598323,864,864,864,0,0,0
3598560,490,1,3597671,3597671,3598560,889,889,889,0,0,0
3599666,472,1,3597394,3597394,3599666,2272,2272,2272,0,0,0
3603897,487,1,3597617,3597617,3603897,6280,6280,6280,0,0,0
3603937,483,1,3597563,3597563,3603937,6374,6374,6374,0,0,0
3620868,505,1,3620161,3620161,3620868,707,707,707,0,0,0
3620962,504,1,3620149,3620149,3620962,813,813,813,0,0,0
3621351,520,1,3620357,3620357,3621351,994,994,994,0,0,0
3621561,513,1,3620262,3620262,3621561,1299,1299,1299,0,0,0
3622676,515,1,3620280,3620280,3622676,2396,2396,2396,0,0,0
3623711,532,1,3623180,3623180,3623711,531,531,531,0,0,0
3623786,525,1,3623077,3623077,3623786,709,709,709,0,0,0
3623884,507,1,3620179,3620179,3623884,3705,3705,3705,0,0,0
3624132,524,1,3623071,3623071,3624132,1061,1061,1061,0,0,0
3624489,511,1,3620249,3620249,3624489,4240,4240,4240,0,0,0
3625763,551,1,3625193,3625193,3625763,570,570,570,0,0,0
3625804,560,1,3625383,3625383,3625804,421,421,421,0,0,0
3625829,552,1,3625213,3625213,3625829,616,616,616,0,0,0
3625933,556,1,3625296,3625296,3625933,637,637,637,0,0,0
3625976,561,1,3625389,3625389,3625976,587,587,587,0,0,0
3627111,502,1,3620112,3620112,3627111,6999,6999,6999,0,0,0
3627211,496,1,3620044,3620044,3627211,7167,7167,7167,0,0,0
3627359,530,1,3623145,3623145,3627359,4214,4214,4214,0,0,0
3627415,553,1,3625220,3625220,3627415,2195,2195,2195,0,0,0
3627595,568,1,3626861,3626861,3627595,734,734,734,0,0,0
3627707,569,1,3626956,3626956,3627707,751,751,751,0,0,0
3628471,106,1,1732978,1732978,3628471,1895493,1895493,1895493,0,0,0
3630235,534,1,3623192,3623192,3630235,7043,7043,7043,0,0,0
3633605,575,1,3629709,3629709,3633605,3896,3896,3896,0,0,0
3636057,587,1,3630003,3630003,3636057,6054,6054,6054,0,0,0
3637001,577,1,3629811,3629811,3637001,7190,7190,7190,0,0,0
3638163,2,1,13,13,3638163,3638150,3638150,3638150,0,0,0
3671677,289,1,2365284,2365284,3671677,1306393,1306393,40714,1265679,1,0
3679765,265,1,2278999,2278999,3679765,1400766,1400766,473605,927161,7,0
3691556,603,1,3691055,3691055,3691556,501,501,501,0,0,0
3695279,613,1,3693978,3693978,3695279,1301,1301,1301,0,0,0
3699151,620,1,3698203,3698203,3699151,948,948,948,0,0,0
3699369,617,1,3698192,3698192,3699369,1177,1177,1177,0,0,0
3701926,622,1,3699371,3699371,3701926,2555,2555,2555,0,0,0
3703849,167,1,1924211,1924211,3703849,1779638,1779638,1775756,3882,2,0
3704124,627,1,3699399,3699399,3704124,4725,4725,4725,0,0,0
3704551,615,1,3698118,3698118,3704551,6433,6433,6433,0,0,0
3705080,621,1,3699359,3699359,3705080,5721,5721,5721,0,0,0
3709186,636,1,3705746,3705746,3709186,3440,3440,3440,0,0,0
3710528,638,1,3705757,3705757,3710528,4771,4771,4771,0,0,0
3718329,291,1,2365429,2365429,3718329,1352900,1352900,21268,1331632,2,0
3776803,649,1,3773045,3773045,3776803,3758,3758,3758,0,0,0
3783453,656,1,3782975,3782975,3783453,478,478,478,0,0,0
3783966,660,1,3782996,3782996,3783966,970,970,970,0,0,0
3791625,669,1,3790616,3790616,3791625,1009,1009,1009,0,0,0
3792595,257,1,2263395,2263395,3792595,1529200,1529200,697030,832170,8,0
3792710,665,1,3790595,3790595,3792710,2115,2115,2115,0,0,0
3810129,87,1,1379133,1379133,3810129,2430996,2430996,2430996,0,0,0
3818624,290,1,2365351,2365351,3818624,1453273,1453273,110383,1342890,5,0
3822319,231,1,2188088,2188088,3822319,1634231,1634231,1107165,527066,2,0
3847051,296,1,2447241,2447241,3847051,1399810,1399810,35627,1364183,1,0
3856143,240,1,2190292,2190292,3856143,1665851,1665851,1039666,626185,4,0
3867151,234,1,2188538,2188538,3867151,1678613,1678613,1097990,580623,2,0
3881325,216,1,2173069,2173069,3881325,1708256,1708256,1422649,285607,6,0
3895603,301,1,2448418,2448418,3895603,1447185,1447185,21478,1425707,1,0
3916650,274,1,2337999,2337999,3916650,1578651,1578651,503883,1074768,8,0
3925480,148,1,1845123,1845123,3925480,2080357,2080357,2080357,0,0,0
3972052,304,1,2449440,2449440,3972052,1522612,1522612,53772,1468840,1,0
4010767,305,1,2449442,2449442,4010767,1561325,1561325,45915,1515410,1,0
4037483,255,1,2262150,2262150,4037483,1775333,1775333,949062,826271,8,0
4042933,248,1,2190910,2190910,4042933,1852023,1852023,1111700,740323,4,0
4052006,307,1,2527371,2527371,4052006,1524635,1524635,21723,1502912,1,0
4052231,288,1,2365234,2365234,4052231,1686997,1686997,378579,1308418,5,0
4116744,309,1,2527747,2527747,4116744,1588997,1588997,71938,1517059,1,0
4126283,189,1,2001339,2001339,4126283,2124944,2124944,2095592,29352,6,0
4126319,313,1,2528118,2528118,4126319,1598201,1598201,7236,1590965,1,0
4129903,312,1,2528037,2528037,4129903,1601866,1601866,20359,1581507,1,0
4137914,672,1,4137026,4137026,4137914,888,888,888,0,0,0
4138026,671,1,4137021,4137021,4138026,1005,1005,1005,0,0,0
4139408,676,1,4137049,4137049,4139408,2359,2359,2359,0,0,0
4141318,685,1,4139588,4139588,4141318,1730,1730,1730,0,0,0
4143577,692,1,4142589,4142589,4143577,988,988,988,0,0,0
4150419,697,1,4148174,4148174,4150419,2245,2245,2245,0,0,0
4150985,695,1,4148165,4148165,4150985,2820,2820,2820,0,0,0
4153946,261,1,2278071,2278071,4153946,1875875,1875875,984961,890914,9,0
4180790,222,1,2173490,2173490,4180790,2007300,2007300,1625197,382103,4,0
4206659,196,1,2064656,2064656,4206659,2142003,2142003,2091776,50227,10,0
4207193,299,1,2448166,2448166,4207193,1759027,1759027,348489,1410538,4,0
4219294,703,1,4218051,4218051,4219294,1243,1243,1243,0,0,0
4219407,702,1,4218046,4218046,4219407,1361,1361,1361,0,0,0
4221381,711,1,4219797,4219797,4221381,1584,1584,1584,0,0,0
4222063,715,1,4219816,4219816,4222063,2247,2247,2247,0,0,0
4222258,713,1,4219806,4219806,4222258,2452,2452,2452,0,0,0
4224036,716,1,4219820,4219820,4224036,4216,4216,4216,0,0,0
4224778,724,1,4221289,4221289,4224778,3489,3489,3489,0,0,0
4224802,725,1,4221295,4221295,4224802,3507,3507,3507,0,0,0
4228820,318,1,2532292,2532292,4228820,1696528,1696528,70054,1626474,2,0
4234053,320,1,2532352,2532352,4234053,1701701,1701701,23988,1677713,2,0
4289157,303,1,2448581,2448581,4289157,1840576,1840576,358773,1481803,4,0
4291362,323,1,2532433,2532433,4291362,1758929,1758929,69742,1689187,1,0
4302948,757,1,4301503,4301503,4302948,1445,1445,1445,0,0,0
4306266,756,1,4301499,4301499,4306266,4767,4767,4767,0,0,0
4306929,741,1,4301414,4301414,4306929,5515,5515,5515,0,0,0
4307749,782,1,4301627,4301627,4307749,6122,6122,6122,0,0,0
4327588,317,1,2530754,2530754,4327588,1796834,1796834,168809,1628025,5,0
4364369,322,1,2532401,2532401,4364369,1831968,1831968,146344,1685624,3,0
4370181,277,1,2338588,2338588,4370181,2031593,2031593,920434,1111159,9,0
4393990,837,1,4393039,4393039,4393990,951,951,951,0,0,0
4394424,809,1,4392869,4392869,4394424,1555,1555,1555,0,0,0
4394490,808,1,4392863,4392863,4394490,1627,1627,1627,0,0,0
4394526,826,1,4392976,4392976,4394526,1550,1550,1550,0,0,0
4394611,812,1,4392883,4392883,4394611,1728,1728,1728,0,0,0
4394788,810,1,4392874,4392874,4394788,1914,1914,1914,0,0,0
4395213,816,1,4392906,4392906,4395213,2307,2307,2307,0,0,0
4416036,300,1,2448354,2448354,4416036,1967682,1967682,521495,1446187,7,0
4416853,207,1,2115233,2115233,4416853,2301620,2301620,2098560,203060,14,0
4430032,239,1,2189271,2189271,4430032,2240761,2240761,1600685,640076,6,0
4464260,287,1,2365204,2365204,4464260,2099056,2099056,806360,1292696,11,0
4484728,295,1,2447166,2447166,4484728,2037562,2037562,653786,1383776,5,0
4514060,332,1,2533770,2533770,4514060,1980290,1980290,97207,1883083,2,0
4520882,334,1,2533852,2533852,4520882,1987030,1987030,63822,1923208,1,0
4534299,333,1,2533828,2533828,4534299,2000471,2000471,97382,1903089,2,0
4541373,338,1,2534049,2534049,4541373,2007324,2007324,14274,1993050,1,0
4548145,336,1,2533934,2533934,4548145,2014211,2014211,41285,1972926,1,0
4554515,337,1,2534031,2534031,4554515,2020484,2020484,40833,1979651,1,0
4591389,281,1,2339604,2339604,4591389,2251785,2251785,1045306,1206479,12,0
4611132,319,1,2532323,2532323,4611132,2078809,2078809,412093,1666716,4,0
4616801,339,1,2534072,2534072,4616801,2082729,2082729,82628,2000101,1,0
4625248,297,1,2447638,2447638,4625248,2177610,2177610,780490,1397120,6,0
4632760,158,1,1885866,1885866,4632760,2746894,2746894,2746894,0,0,0
4633095,348,1,2534667,2534667,4633095,2098428,2098428,15047,2083381,1,0
4638316,185,1,1983744,1983744,4638316,2654572,2654572,2628834,25738,9,0
4652256,887,1,4649996,4649996,4652256,2260,2260,2260,0,0,0
4652324,885,1,4649987,4649987,4652324,2337,2337,2337,0,0,0
4652496,880,1,4649963,4649963,4652496,2533,2533,2533,0,0,0
4653138,861,1,4649872,4649872,4653138,3266,3266,3266,0,0,0
4653818,868,1,4649907,4649907,4653818,3911,3911,3911,0,0,0
4654093,875,1,4649941,4649941,4654093,4152,4152,4152,0,0,0
4655443,856,1,4649846,4649846,4655443,5597,5597,5597,0,0,0
4656866,894,1,4650029,4650029,4656866,6837,6837,6837,0,0,0
4663098,173,1,1924578,1924578,4663098,2738520,2738520,2733938,4582,4,0
4668411,346,1,2534604,2534604,4668411,2133807,2133807,51404,2082403,2,0
4715762,353,1,2540122,2540122,4715762,2175640,2175640,54551,2121089,1,0
4716793,279,1,2338591,2338591,4716793,2378202,2378202,1214093,1164109,13,0
4722668,302,1,2448476,2448476,4722668,2274192,2274192,792240,1481952,7,0
4725018,351,1,2534714,2534714,4725018,2190304,2190304,86467,2103837,2,0
4731364,344,1,2534532,2534532,4731364,2196832,2196832,139789,2057043,2,0
4731710,327,1,2532752,2532752,4731710,2198958,2198958,393244,1805714,3,0
4742546,349,1,2534680,2534680,4742546,2207866,2207866,109570,2098296,2,0
4746241,356,1,2540195,2540195,4746241,2206046,2206046,30773,2175273,1,0
4746327,354,1,2540150,2540150,4746327,2206177,2206177,37765,2168412,1,0
4841913,147,1,1845097,1845097,4841913,2996816,2996816,2996816,0,0,0
4866871,363,1,2540942,2540942,4866871,2325929,2325929,32158,2293771,1,0
4877925,93,1,1649781,1649781,4877925,3228144,3228144,3228144,0,0,0
4897818,308,1,2527425,2527425,4897818,2370393,2370393,814210,1556183,6,0
4902120,330,1,2533654,2533654,4902120,2368466,2368466,512953,1855513,4,0
4930952,367,1,2541022,2541022,4930952,2389930,2389930,36032,2353898,1,0
4941013,221,1,2173474,2173474,4941013,2767539,2767539,2381331,386208,7,0
4953976,342,1,2534477,2534477,4953976,2419499,2419499,399285,2020214,2,0
4957903,273,1,2337901,2337901,4957903,2620002,2620002,1559746,1060256,12,0
4962139,311,1,2527959,2527959,4962139,2434180,2434180,867777,1566403,6,0
4971917,298,1,2448052,2448052,4971917,2523865,2523865,1091841,1432024,8,0
4974610,316,1,2528467,2528467,4974610,2446143,2446143,804865,1641278,7,0
4986615,372,1,2541478,2541478,4986615,2445137,2445137,31676,2413461,1,0
4988860,329,1,2533627,2533627,4988860,2455233,2455233,606864,1848369,4,0
4994214,335,1,2533880,2533880,4994214,2460334,2460334,509333,1951001,2,0
5041364,306,1,2526458,2526458,5041364,2514906,2514906,992933,1521973,6,0
5085005,191,1,2004839,2004839,5085005,3080166,3080166,3041598,38568,8,0
5169342,366,1,2541001,2541001,5169342,2628341,2628341,278724,2349617,1,0
5173072,172,1,1924514,1924514,5173072,3248558,3248558,3244272,4286,2,0
5181319,271,1,2319859,2319859,5181319,2861460,2861460,1814222,1047238,13,0
5189561,285,1,2346347,2346347,5189561,2843214,2843214,1566218,1276996,14,0
5195199,382,1,2542444,2542444,5195199,2652755,2652755,21080,2631675,1,0
5199392,326,1,2532727,2532727,5199392,2666665,2666665,891674,1774991,4,0
5212586,385,1,2542637,2542637,5212586,2669949,2669949,20394,2649555,1,0
5218977,384,1,2542554,2542554,5218977,2676423,2676423,30978,2645445,1,0
5245112,375,1,2541565,2541565,5245112,2703547,2703547,265697,2437850,1,0
5247031,345,1,2534580,2534580,5247031,2712451,2712451,635703,2076748,2,0
5260348,82,1,1369282,1369282,5260348,3891066,3891066,3891066,0,0,0
5303696,377,1,2541608,2541608,5303696,2762088,2762088,316682,2445406,1,0
5309537,350,1,2534705,2534705,5309537,2774832,2774832,676217,2098615,2,0
5323409,180,1,1949116,1949116,5323409,3374293,3374293,3359944,14349,7,0
5330414,371,1,2541452,2541452,5330414,2788962,2788962,379711,2409251,1,0
5353926,394,1,2543714,2543714,5353926,2810212,2810212,30712,2779500,1,0
5357872,360,1,2540302,2540302,5357872,2817570,2817570,622526,2195044,1,0
5361991,206,1,2114990,2114990,5361991,3247001,3247001,3090331,156670,11,0
5370760,187,1,2000437,2000437,5370760,3370323,3370323,3343140,27183,8,0
5381512,60,1,973985,973985,5381512,4407527,4407527,4407527,0,0,0
5421844,340,1,2534227,2534227,5421844,2887617,2887617,873538,2014079,2,0
5424261,115,1,1757019,1757019,5424261,3667242,3667242,3667242,0,0,0
5433930,380,1,2542352,2542352,5433930,2891578,2891578,271788,2619790,1,0
5450807,324,1,2532478,2532478,5450807,2918329,2918329,1201791,1716538,4,0
5457995,401,1,2621292,2621292,5457995,2836703,2836703,40934,2795769,1,0
5461030,99,1,1724175,1724175,5461030,3736855,3736855,3736855,0,0,0
5464255,402,1,2621409,2621409,5464255,2842846,2842846,37525,2805321,1,0
5495738,406,1,2621619,2621619,5495738,2874119,2874119,38683,2835436,1,0
5497821,376,1,2541590,2541590,5497821,2956231,2956231,516161,2440070,1,0
5501234,404,1,2621537,2621537,5501234,2879697,2879697,50439,2829258,1,0
5501573,378,1,2541636,2541636,5501573,2959937,2959937,467409,2492528,1,0
5503753,389,1,2542903,2542903,5503753,2960850,2960850,263922,2696928,1,0
5511569,407,1,2621664,2621664,5511569,2889905,2889905,23031,2866874,1,0
5525307,409,1,2936783,2936783,5525307,2588524,2588524,31273,2557251,1,0
5530391,395,1,2543728,2543728,5530391,2986663,2986663,183665,2802998,1,0
5556251,114,1,1756533,1756533,5556251,3799718,3799718,3799718,0,0,0
5600388,410,1,2938030,2938030,5600388,2662358,2662358,106015,2556343,1,0
5708478,325,1,2532557,2532557,5708478,3175921,3175921,1404333,1771588,4,0
5716710,331,1,2533741,2533741,5716710,3182969,3182969,1300215,1882754,3,0
5771249,145,1,1843894,1843894,5771249,3927355,3927355,3927355,0,0,0
5790470,386,1,2542688,2542688,5790470,3247782,3247782,585084,2662698,1,0
5812591,245,1,2190834,2190834,5812591,3621757,3621757,2905453,716304,7,0
5813217,364,1,2540963,2540963,5813217,3272254,3272254,953546,2318708,1,0
5867071,211,1,2172713,2172713,5867071,3694358,3694358,3452494,241864,10,0
5870300,48,1,960625,960625,5870300,4909675,4909675,4909675,0,0,0
5925929,209,1,2172632,2172632,5925929,3753297,3753297,3547524,205773,10,0
5996618,244,1,2190809,2190809,5996618,3805809,3805809,3130728,675081,8,0
6001106,398,1,2621160,2621160,6001106,3379946,3379946,637546,2742400,1,0
6013612,368,1,2541042,2541042,6013612,3472570,3472570,1089860,2382710,1,0
6032114,426,1,3451954,3451954,6032114,2580160,2580160,42696,2537464,1,0
6062750,408,1,2621703,2621703,6062750,3441047,3441047,572129,2868918,1,0
6065743,429,1,3451973,3451973,6065743,2613770,2613770,40829,2572941,1,0
6067371,4,1,27,27,6067371,6067344,6067344,6067344,0,0,0
6080050,421,1,3233614,3233614,6080050,2846436,2846436,274659,2571777,1,0
6081264,411,1,2938164,2938164,6081264,3143100,3143100,584711,2558389,1,0
6104626,365,1,2540983,2540983,6104626,3563643,3563643,1233901,2329742,1,0
6108904,415,1,3230684,3230684,6108904,2878220,2878220,559853,2318367,1,0
6132674,397,1,2621136,2621136,6132674,3511538,3511538,777883,2733655,1,0
6210226,433,1,3452000,3452000,6210226,2758226,2758226,130115,2628111,2,0
6237605,381,1,2542406,2542406,6237605,3695199,3695199,1071733,2623466,1,0
6265962,284,1,2341305,2341305,6265962,3924657,3924657,2654719,1269938,14,0
6278966,388,1,2542782,2542782,6278966,3736184,3736184,1041054,2695130,1,0
6292575,441,1,3521525,3521525,6292575,2771050,2771050,20809,2750241,1,0
6305876,442,1,3521530,3521530,6305876,2784346,2784346,20501,2763845,1,0
6345897,424,1,3235702,3235702,6345897,3110195,3110195,475603,2634592,2,0
6391243,393,1,2543701,2543701,6391243,3847542,3847542,1075034,2772508,1,0
6391596,446,1,3521615,3521615,6391596,2869981,2869981,7553,2862428,1,0
6402876,440,1,3521520,3521520,6402876,2881356,2881356,144114,2737242,1,0
6403501,443,1,3521534,3521534,6403501,2881967,2881967,104825,2777142,1,0
6483133,414,1,3230585,3230585,6483133,3252548,3252548,952822,2299726,2,0
6495672,447,1,3521620,3521620,6495672,2974052,2974052,111276,2862776,1,0
6569274,444,1,3521606,3521606,6569274,3047668,3047668,216089,2831579,3,0
6600246,422,1,3235376,3235376,6600246,3364870,3364870,787052,2577818,2,0
6626128,176,1,1948958,1948958,6626128,4677170,4677170,4670641,6529,7,0
6630122,425,1,3451935,3451935,6630122,3178187,3178187,704187,2474000,2,0
6647809,439,1,3452034,3452034,6647809,3195775,3195775,402957,2792818,3,0
6655541,294,1,2447115,2447115,6655541,4208426,4208426,2830992,1377434,7,0
6662326,437,1,3452024,3452024,6662326,3210302,3210302,522458,2687844,3,0
6685295,201,1,2064789,2064789,6685295,4620506,4620506,4560709,59797,12,0
6700193,458,1,3533744,3533744,6700193,3166449,3166449,45067,3121382,1,0
6711865,59,1,973911,973911,6711865,5737954,5737954,5737954,0,0,0
6714561,459,1,3533752,3533752,6714561,3180809,3180809,36466,3144343,1,0
6804436,457,1,3527765,3527765,6804436,3276671,3276671,156095,3120576,1,0
6811395,369,1,2541065,2541065,6811395,4270330,4270330,1877582,2392748,1,0
6813584,465,1,3533949,3533949,6813584,3279635,3279635,9389,3270246,1,0
6816722,463,1,3533837,3533837,6816722,3282885,3282885,19486,3263399,1,0
6823001,466,1,3533981,3533981,6823001,3289020,3289020,16617,3272403,1,0
6832577,419,1,3232063,3232063,6832577,3600514,3600514,1061370,2539144,2,0
6837384,183,1,1949225,1949225,6837384,4888159,4888159,4871149,17010,10,0
6845957,467,1,3534047,3534047,6845957,3311910,3311910,36435,3275475,1,0
6850546,292,1,2446950,2446950,6850546,4403596,4403596,3090995,1312601,9,0
6855027,460,1,3533757,3533757,6855027,3321270,3321270,162034,3159236,1,0
6863873,474,1,3597426,3597426,6863873,3266447,3266447,20527,3245920,1,0
6864094,475,1,3597439,3597439,6864094,3266655,3266655,16267,3250388,1,0
6866143,469,1,3597348,3597348,6866143,3268795,3268795,40766,3228029,1,0
6866520,435,1,3452010,3452010,6866520,3414510,3414510,747495,2667015,4,0
6867607,482,1,3597533,3597533,6867607,3270074,3270074,8287,3261787,1,0
6872125,428,1,3451968,3451968,6872125,3420157,3420157,851375,2568782,3,0
6879341,479,1,3597506,3597506,6879341,3281835,3281835,22447,3259388,1,0
6880115,478,1,3597487,3597487,6880115,3282628,3282628,23442,3259186,1,0
6883803,451,1,3527703,3527703,6883803,3356100,3356100,380735,2975365,3,0
6884631,491,1,3597678,3597678,6884631,3286953,3286953,8028,3278925,1,0
6885742,489,1,3597664,3597664,6885742,3288078,3288078,12827,3275251,1,0
6885790,493,1,3597714,3597714,6885790,3288076,3288076,7248,3280828,1,0
6898533,434,1,3452005,3452005,6898533,3446528,3446528,802905,2643623,4,0
6899905,438,1,3452029,3452029,6899905,3447876,3447876,682458,2765418,3,0
6915428,462,1,3533804,3533804,6915428,3381624,3381624,208067,3173557,1,0
6923712,485,1,3597596,3597596,6923712,3326116,3326116,63305,3262811,1,0
6924932,461,1,3533771,3533771,6924932,3391161,3391161,220267,3170894,1,0
6926127,486,1,3597603,3597603,6926127,3328524,3328524,61202,3267322,1,0
6928591,500,1,3620085,3620085,6928591,3308506,3308506,10859,3297647,1,0
6928860,166,1,1924173,1924173,6928860,5004687,5004687,5001079,3608,1,0
6930313,495,1,3620032,3620032,6930313,3310281,3310281,38980,3271301,1,0
6932266,473,1,3597414,3597414,6932266,3334852,3334852,93509,3241343,1,0
6934084,499,1,3620067,3620067,6934084,3314017,3314017,17572,3296445,1,0
6934933,506,1,3620167,3620167,6934933,3314766,3314766,13273,3301493,1,0
6935059,510,1,3620238,3620238,6935059,3314821,3314821,8175,3306646,1,0
6939894,488,1,3597624,3597624,6939894,3342270,3342270,67753,3274517,1,0
6940747,509,1,3620226,3620226,6940747,3320521,3320521,15681,3304840,1,0
6944297,417,1,3231852,3231852,6944297,3712445,3712445,1235880,2476565,2,0
6945656,481,1,3597526,3597526,6945656,3348130,3348130,86713,3261417,1,0
6946443,516,1,3620286,3620286,6946443,3326157,3326157,13749,3312408,1,0
6950793,514,1,3620275,3620275,6950793,3330518,3330518,22934,3307584,1,0
6952934,379,1,2541665,2541665,6952934,4411269,4411269,1875129,2536140,1,0
6957630,523,1,3620397,3620397,6957630,3337233,3337233,11896,3325337,1,0
6959687,492,1,3597693,3597693,6959687,3361994,3361994,82256,3279738,1,0
6964308,526,1,3623083,3623083,6964308,3341225,3341225,13878,3327347,1,0
6976591,518,1,3620344,3620344,6976591,3356247,3356247,39494,3316753,1,0
6977147,529,1,3623139,3623139,6977147,3354008,3354008,7756,3346252,1,0
6985140,217,1,2173099,2173099,6985140,4812041,4812041,4508131,303910,9,0
6985733,508,1,3620203,3620203,6985733,3365530,3365530,62620,3302910,1,0
6985829,531,1,3623175,3623175,6985829,3362654,3362654,15882,3346772,1,0
6990468,494,1,3597727,3597727,6990468,3392741,3392741,111878,3280863,1,0
6990814,535,1,3623198,3623198,6990814,3367616,3367616,12281,3355335,1,0
6991921,527,1,3623091,3623091,6991921,3368830,3368830,39434,3329396,1,0
6997703,519,1,3620350,3620350,6997703,3377353,3377353,59247,3318106,1,0
6998808,539,1,3623282,3623282,6998808,3375526,3375526,14087,3361439,1,0
7007627,537,1,3623228,3623228,7007627,3384399,3384399,24359,3360040,1,0
7008533,540,1,3623287,3623287,7008533,3385246,3385246,18030,3367216,1,0
7012264,503,1,3620137,3620137,7012264,3392127,3392127,90873,3301254,1,0
7015362,542,1,3623299,3623299,7015362,3392063,3392063,14935,3377128,1,0
7026603,544,1,3623351,3623351,7026603,3403252,3403252,21539,3381713,1,0
7027428,512,1,3620256,3620256,7027428,3407172,3407172,99695,3307477,1,0
7030771,538,1,3623245,3623245,7030771,3407526,3407526,47157,3360369,1,0
7034781,536,1,3623217,3623217,7034781,3411564,3411564,56152,3355412,1,0
7041785,497,1,3620052,3620052,7041785,3421733,3421733,149080,3272653,1,0
7042364,550,1,3625175,3625175,7042364,3417189,3417189,7779,3409410,1,0
7044101,471,1,3597381,3597381,7044101,3446720,3446720,213917,3232803,1,0
7044159,548,1,3623415,3623415,7044159,3420744,3420744,20588,3400156,1,0
7049342,521,1,3620378,3620378,7049342,3428964,3428964,110099,3318865,1,0
7049940,468,1,3597334,3597334,7049940,3452606,3452606,234139,3218467,1,0
7051954,192,1,2004950,2004950,7051954,5047004,5047004,5006454,40550,8,0
7056757,562,1,3625447,3625447,7056757,3431310,3431310,12003,3419307,1,0
7056782,557,1,3625349,3625349,7056782,3431433,3431433,19823,3411610,1,0
7058144,541,1,3623293,3623293,7058144,3434851,3434851,66536,3368315,1,0
7058999,565,1,3626743,3626743,7058999,3432256,3432256,8055,3424201,1,0
7059232,517,1,3620302,3620302,7059232,3438930,3438930,125685,3313245,1,0
7063049,423,1,3235699,3235699,7063049,3827350,3827350,1195992,2631358,2,0
7070021,567,1,3626820,3626820,7070021,3443201,3443201,17989,3425212,1,0
7071455,570,1,3627057,3627057,7071455,3444398,3444398,15606,3428792,1,0
7078819,533,1,3623186,3623186,7078819,3455633,3455633,100879,3354754,1,0
7088595,546,1,3623371,3623371,7088595,3465224,3465224,69192,3396032,1,0
7104939,574,1,3629667,3629667,7104939,3475272,3475272,23544,3451728,1,0
7105922,498,1,3620061,3620061,7105922,3485861,3485861,197694,3288167,1,0
7112978,564,1,3625566,3625566,7112978,3487412,3487412,63396,3424016,1,0
7114509,579,1,3629841,3629841,7114509,3484668,3484668,8731,3475937,1,0
7119276,578,1,3629829,3629829,7119276,3489447,3489447,20554,3468893,1,0
7126996,136,1,1814256,1814256,7126996,5312740,5312740,5312740,0,0,0
7128788,581,1,3629874,3629874,7128788,3498914,3498914,16712,3482202,1,0
7132545,571,1,3627070,3627070,7132545,3505475,3505475,69724,3435751,1,0
7133032,584,1,3629948,3629948,7133032,3503084,3503084,7687,3495397,1,0
7136069,582,1,3629899,3629899,7136069,3506170,3506170,16273,3489897,1,0
7137962,549,1,3623428,3623428,7137962,3514534,3514534,110381,3404153,1,0
7138356,583,1,3629912,3629912,7138356,3508444,3508444,16768,3491676,1,0
7141573,522,1,3620390,3620390,7141573,3521183,3521183,197980,3323203,1,0
7143936,543,1,3623331,3623331,7143936,3520605,3520605,142603,3378002,1,0
7148136,566,1,3626755,3626755,7148136,3521381,3521381,96337,3425044,1,0
7152063,501,1,3620091,3620091,7152063,3531972,3531972,233136,3298836,1,0
7153684,572,1,3629626,3629626,7153684,3524058,3524058,89429,3434629,1,0
7156234,270,1,2279964,2279964,7156234,4876270,4876270,3793418,1082852,15,0
7161171,387,1,2542759,2542759,7161171,4618412,4618412,1949394,2669018,1,0
7164867,576,1,3629736,3629736,7164867,3535131,3535131,67128,3468003,1,0
7178539,597,1,3630110,3630110,7178539,3548429,3548429,20872,3527557,1,0
7192516,586,1,3629985,3629985,7192516,3562531,3562531,63647,3498884,1,0
7208773,554,1,3625270,3625270,7208773,3583503,3583503,173609,3409894,1,0
7221348,580,1,3629868,3629868,7221348,3591480,3591480,114039,3477441,1,0
7223416,230,1,2187857,2187857,7223416,5035559,5035559,4519196,516363,5,0
7224225,601,1,3691031,3691031,7224225,3533194,3533194,10077,3523117,1,0
7227730,67,1,1045446,1045446,7227730,6182284,6182284,6182284,0,0,0
7232846,600,1,3690849,3690849,7232846,3541997,3541997,31273,3510724,1,0
7233968,604,1,3693813,3693813,7233968,3540155,3540155,16943,3523212,1,0
7236203,607,1,3693833,3693833,7236203,3542370,3542370,9435,3532935,1,0
7238490,547,1,3623391,3623391,7238490,3615099,3615099,218262,3396837,1,0
7238962,602,1,3691049,3691049,7238962,3547913,3547913,22746,3525167,1,0
7240421,605,1,3693820,3693820,7240421,3546601,3546601,19891,3526710,1,0
7241172,179,1,1949044,1949044,7241172,5292128,5292128,5279307,12821,7,0
7252074,35,1,937920,937920,7252074,6314154,6314154,6314154,0,0,0
7253295,220,1,2173428,2173428,7253295,5079867,5079867,4711930,367937,8,0
7261179,555,1,3625289,3625289,7261179,3635890,3635890,224278,3411612,1,0
7263908,614,1,3693984,3693984,7263908,3569924,3569924,19034,3550890,1,0
7264415,558,1,3625356,3625356,7264415,3639059,3639059,222273,3416786,1,0
7283918,563,1,3625486,3625486,7283918,3658432,3658432,234361,3424071,1,0
7284910,155,1,1885142,1885142,7284910,5399768,5399768,5399768,0,0,0
7295095,559,1,3625362,3625362,7295095,3669733,3669733,252355,3417378,1,0
7296907,623,1,3699376,3699376,7296907,3597531,3597531,39692,3557839,1,0
7302322,592,1,3630079,3630079,7302322,3672243,3672243,161386,3510857,1,0
7302982,599,1,3688474,3688474,7302982,3614508,3614508,117666,3496842,1,0
7310439,618,1,3698192,3698192,7310439,3612247,3612247,56460,3555787,1,0
7312479,629,1,3699410,3699410,7312479,3613069,3613069,17357,3595712,1,0
7312775,624,1,3699382,3699382,7312775,3613393,3613393,36057,3577336,1,0
7319670,619,1,3698198,3698198,7319670,3621472,3621472,62962,3558510,1,0
7339749,585,1,3629954,3629954,7339749,3709795,3709795,213917,3495878,1,0
7344617,634,1,3705734,3705734,7344617,3638883,3638883,32147,3606736,1,0
7346386,633,1,3705729,3705729,7346386,3640657,3640657,40811,3599846,1,0
7350816,630,1,3705661,3705661,7350816,3645155,3645155,55034,3590121,1,0
7368256,612,1,3693972,3693972,7368256,3674284,3674284,134284,3540000,1,0
7374230,610,1,3693960,3693960,7374230,3680270,3680270,142468,3537802,1,0
7378621,178,1,1949016,1949016,7378621,5429605,5429605,5421157,8448,6,0
7391470,643,1,3773016,3773016,7391470,3618454,3618454,20049,3598405,1,0
7393103,413,1,3005014,3005014,7393103,4388089,4388089,1867885,2520204,2,0
7411357,608,1,3693841,3693841,7411357,3717516,3717516,182354,3535162,1,0
7415245,420,1,3233237,3233237,7415245,4182008,4182008,1624808,2557200,2,0
7423162,626,1,3699394,3699394,7423162,3723768,3723768,135267,3588501,1,0
7429685,647,1,3773036,3773036,7429685,3656649,3656649,21640,3635009,1,0
7433435,650,1,3773049,3773049,7433435,3660386,3660386,10950,3649436,1,0
7435797,253,1,2261624,2261624,7435797,5174173,5174173,4342327,831846,10,0
7438601,78,1,1364742,1364742,7438601,6073859,6073859,6073859,0,0,0
7439763,653,1,3782959,3782959,7439763,3656804,3656804,8362,3648442,1,0
7443789,616,1,3698123,3698123,7443789,3745666,3745666,197694,3547972,1,0
7445931,640,1,3705770,3705770,7445931,3740161,3740161,102315,3637846,1,0
7452638,652,1,3782953,3782953,7452638,3669685,3669685,24041,3645644,1,0
7453182,658,1,3782986,3782986,7453182,3670196,3670196,7744,3662452,1,0
7463964,609,1,3693848,3693848,7463964,3770116,3770116,232674,3537442,1,0
7464075,655,1,3782970,3782970,7464075,3681105,3681105,27486,3653619,1,0
7464229,657,1,3782980,3782980,7464229,3681249,3681249,25498,3655751,1,0
7465231,651,1,3773054,3773054,7465231,3692177,3692177,38996,3653181,1,0
7465263,659,1,3782991,3782991,7465263,3682272,3682272,19281,3662991,1,0
7470761,644,1,3773021,3773021,7470761,3697740,3697740,86491,3611249,1,0
7474790,661,1,3783000,3783000,7474790,3691790,3691790,18026,3673764,1,0
7475001,639,1,3705763,3705763,7475001,3769238,3769238,135815,3633423,1,0
7480378,611,1,3693966,3693966,7480378,3786412,3786412,247157,3539255,1,0
7481488,666,1,3790601,3790601,7481488,3690887,3690887,23425,3667462,1,0
7484562,674,1,4137038,4137038,7484562,3347524,3347524,10274,3337250,1,0
7489733,675,1,4137043,4137043,7489733,3352690,3352690,12371,3340319,1,0
7497435,673,1,4137032,4137032,7497435,3360403,3360403,24257,3336146,1,0
7502670,648,1,3773040,3773040,7502670,3729630,3729630,86708,3642922,1,0
7507498,679,1,4137068,4137068,7507498,3370430,3370430,12028,3358402,1,0
7508256,680,1,4137075,4137075,7508256,3371181,3371181,7958,3363223,1,0
7513627,598,1,3630116,3630116,7513627,3883511,3883511,342288,3541223,1,0
7513943,606,1,3693827,3693827,7513943,3820116,3820116,288297,3531819,1,0
7522055,77,1,1364702,1364702,7522055,6157353,6157353,6157353,0,0,0
7535153,654,1,3782965,3782965,7535153,3752188,3752188,102590,3649598,1,0
7538079,681,1,4139564,4139564,7538079,3398515,3398515,37023,3361492,1,0
7544198,662,1,3790579,3790579,7544198,3753619,3753619,87323,3666296,1,0
7549426,668,1,3790611,3790611,7549426,3758815,3758815,81836,3676979,1,0
7551490,670,1,3790627,3790627,7551490,3760863,3760863,83689,3677174,1,0
7554231,150,1,1845365,1845365,7554231,5708866,5708866,5708866,0,0,0
7560524,678,1,4137063,4137063,7560524,3423461,3423461,70289,3353172,1,0
7574893,203,1,2064872,2064872,7574893,5510021,5510021,5401855,108166,11,0
7575450,677,1,4137055,4137055,7575450,3438395,3438395,92917,3345478,1,0
7575509,595,1,3630097,3630097,7575509,3945412,3945412,426475,3518937,1,0
7578269,686,1,4139594,4139594,7578269,3438675,3438675,50316,3388359,1,0
7580743,663,1,3790584,3790584,7580743,3790159,3790159,123714,3666445,1,0
7593425,683,1,4139577,4139577,7593425,3453848,3453848,86682,3367166,1,0
7593899,691,1,4142583,4142583,7593899,3451316,3451316,46868,3404448,1,0
7593932,700,1,4218038,4218038,7593932,3375894,3375894,20389,3355505,1,0
7597793,701,1,4218042,4218042,7597793,3379751,3379751,11568,3368183,1,0
7605652,699,1,4218033,4218033,7605652,3387619,3387619,34583,3353036,1,0
7608502,693,1,4148155,4148155,7608502,3460347,3460347,55178,3405169,1,0
7608700,708,1,4219668,4219668,7608700,3389032,3389032,7398,3381634,1,0
7610437,698,1,4148178,4148178,7610437,3462259,3462259,42128,3420131,1,0
7635859,361,1,2540323,2540323,7635859,5095536,5095536,2896818,2198718,1,0
7637469,278,1,2338588,2338588,7637469,5298881,5298881,4142920,1155961,11,0
7652530,593,1,3630085,3630085,7652530,4022445,4022445,507667,3514778,1,0
7665814,689,1,4142573,4142573,7665814,3523241,3523241,123588,3399653,1,0
7673893,690,1,4142578,4142578,7673893,3531315,3531315,129603,3401712,1,0
7680972,664,1,3790591,3790591,7680972,3890381,3890381,222941,3667440,1,0
7690863,631,1,3705665,3705665,7690863,3985198,3985198,387624,3597574,1,0
7692377,719,1,4219835,4219835,7692377,3472542,3472542,25684,3446858,1,0
7700443,694,1,4148160,4148160,7700443,3552283,3552283,132750,3419533,1,0
7705721,709,1,4219672,4219672,7705721,3486049,3486049,104221,3381828,1,0
7717532,712,1,4219802,4219802,7717532,3497730,3497730,88873,3408857,1,0
7718270,705,1,4219655,4219655,7718270,3498615,3498615,131538,3367077,1,0
7720860,722,1,4221280,4221280,7720860,3499580,3499580,35683,3463897,1,0
7720899,707,1,4219664,4219664,7720899,3501235,3501235,122447,3378788,1,0
7725815,721,1,4221275,4221275,7725815,3504540,3504540,42152,3462388,1,0
7728542,249,1,2242869,2242869,7728542,5485673,5485673,4743498,742175,9,0
7733668,726,1,4221300,4221300,7733668,3512368,3512368,35147,3477221,1,0
7749938,729,1,4221314,4221314,7749938,3528624,3528624,36278,3492346,1,0
7753341,625,1,3699388,3699388,7753341,4053953,4053953,475631,3578322,1,0
7754521,667,1,3790606,3790606,7754521,3963915,3963915,290960,3672955,1,0
7759643,736,1,4221429,4221429,7759643,3538214,3538214,12322,3525892,1,0
7760146,718,1,4219829,4219829,7760146,3540317,3540317,101532,3438785,1,0
7761327,628,1,3699404,3699404,7761327,4061923,4061923,471620,3590303,1,0
7773113,730,1,4221319,4221319,7773113,3551794,3551794,59414,3492380,1,0
7777223,714,1,4219811,4219811,7777223,3557412,3557412,146954,3410458,1,0
7779848,682,1,4139571,4139571,7779848,3640277,3640277,273421,3366856,1,0
7788045,688,1,4142567,4142567,7788045,3645478,3645478,251047,3394431,1,0
7790077,645,1,3773026,3773026,7790077,4017051,4017051,404174,3612877,1,0
7791191,723,1,4221285,4221285,7791191,3569906,3569906,97948,3471958,1,0
7797032,720,1,4219841,4219841,7797032,3577191,3577191,123260,3453931,1,0
7802572,687,1,4142562,4142562,7802572,3660010,3660010,271693,3388317,1,0
7805577,134,1,1812687,1812687,7805577,5992890,5992890,5992890,0,0,0
7807644,749,1,4301455,4301455,7807644,3506189,3506189,9267,3496922,1,0
7819990,706,1,4219659,4219659,7819990,3600331,3600331,229397,3370934,1,0
7830163,732,1,4221407,4221407,7830163,3608756,3608756,108821,3499935,1,0
7835238,733,1,4221412,4221412,7835238,3613826,3613826,108770,3505056,1,0
7838250,642,1,3773011,3773011,7838250,4065239,4065239,471220,3594019,1,0
7839769,746,1,4301439,4301439,7839769,3538330,3538330,55778,3482552,1,0
7841151,740,1,4221448,4221448,7841151,3619703,3619703,75238,3544465,1,0
7841408,632,1,3705721,3705721,7841408,4135687,4135687,536129,3599558,1,0
7843773,755,1,4301494,4301494,7843773,3542279,3542279,11204,3531075,1,0
7844107,759,1,4301512,4301512,7844107,3542595,3542595,9899,3532696,1,0
7861559,761,1,4301522,4301522,7861559,3560037,3560037,24652,3535385,1,0
7863926,717,1,4219824,4219824,7863926,3644102,3644102,218596,3425506,1,0
7892102,545,1,3623365,3623365,7892102,4268737,4268737,883940,3384797,1,0
7909105,753,1,4301485,4301485,7909105,3607620,3607620,81067,3526553,1,0
7923550,738,1,4221439,4221439,7923550,3702111,3702111,170604,3531507,1,0
7925433,727,1,4221305,4221305,7925433,3704128,3704128,215101,3489027,1,0
7930871,734,1,4221416,4221416,7930871,3709455,3709455,188133,3521322,1,0
7947134,766,1,4301553,4301553,7947134,3645581,3645581,30784,3614797,1,0
7949769,768,1,4301561,4301561,7949769,3648208,3648208,26098,3622110,1,0
7952666,735,1,4221421,4221421,7952666,3731245,3731245,206525,3524720,1,0
7958672,737,1,4221434,4221434,7958672,3737238,3737238,206229,3531009,1,0
7963042,190,1,2001537,2001537,7963042,5961505,5961505,5931699,29806,7,0
7978140,771,1,4301575,4301575,7978140,3676565,3676565,32674,3643891,1,0
7987748,95,1,1713919,1713919,7987748,6273829,6273829,6273829,0,0,0
7992207,775,1,4301594,4301594,7992207,3690613,3690613,11659,3678954,1,0
8002578,637,1,3705751,3705751,8002578,4296827,4296827,665161,3631666,1,0
8003552,774,1,4301589,4301589,8003552,3701963,3701963,32612,3669351,1,0
8006985,777,1,4301603,4301603,8006985,3705382,3705382,11607,3693775,1,0
8011910,752,1,4301481,4301481,8011910,3710429,3710429,188947,3521482,1,0
8053381,696,1,4148170,4148170,8053381,3905211,3905211,485131,3420080,1,0
8054132,739,1,4221444,4221444,8054132,3832688,3832688,300005,3532683,1,0
8060511,684,1,4139583,4139583,8060511,3920928,3920928,545656,3375272,1,0
8073172,783,1,4301631,4301631,8073172,3771541,3771541,26240,3745301,1,0
8077561,781,1,4301623,4301623,8077561,3775938,3775938,31380,3744558,1,0
8082295,635,1,3705740,3705740,8082295,4376555,4376555,749746,3626809,1,0
8083795,787,1,4301651,4301651,8083795,3782144,3782144,8700,3773444,1,0
8084363,359,1,2540279,2540279,8084363,5544084,5544084,3359853,2184231,1,0
8086065,779,1,4301614,4301614,8086065,3784451,3784451,86280,3698171,1,0
8111657,780,1,4301618,4301618,8111657,3810039,3810039,106947,3703092,1,0
8117693,788,1,4301655,4301655,8117693,3816038,3816038,41098,3774940,1,0
8172130,704,1,4218055,4218055,8172130,3954075,3954075,585431,3368644,1,0
8207142,588,1,3630054,3630054,8207142,4577088,4577088,1076380,3500708,1,0
8221542,763,1,4301531,4301531,8221542,3920011,3920011,364816,3555195,1,0
8226142,765,1,4301548,4301548,8226142,3924594,3924594,324237,3600357,1,0
8229489,776,1,4301598,4301598,8229489,3927891,3927891,244482,3683409,1,0
8237073,710,1,4219677,4219677,8237073,4017396,4017396,633836,3383560,1,0
8246656,794,1,4392668,4392668,8246656,3853988,3853988,46714,3807274,1,0
8249779,796,1,4392807,4392807,8249779,3856972,3856972,30837,3826135,1,0
8257340,786,1,4301646,4301646,8257340,3955694,3955694,186979,3768715,1,0
8262187,797,1,4392812,4392812,8262187,3869375,3869375,39898,3829477,1,0
8264360,800,1,4392827,4392827,8264360,3871533,3871533,21781,3849752,1,0
8279408,801,1,4392832,4392832,8279408,3886576,3886576,29268,3857308,1,0
8287295,798,1,4392817,4392817,8287295,3894478,3894478,57422,3837056,1,0
8309500,362,1,2540491,2540491,8309500,5769009,5769009,3570373,2198636,1,0
8311741,805,1,4392850,4392850,8311741,3918891,3918891,31646,3887245,1,0
8331217,807,1,4392859,4392859,8331217,3938358,3938358,26676,3911682,1,0
8343996,804,1,4392845,4392845,8343996,3951151,3951151,71788,3879363,1,0
8344817,184,1,1983719,1983719,8344817,6361098,6361098,6342181,18917,10,0
8351783,764,1,4301535,4301535,8351783,4050248,4050248,466881,3583367,1,0
8370139,815,1,4392899,4392899,8370139,3977240,3977240,25556,3951684,1,0
8372839,814,1,4392893,4392893,8372839,3979946,3979946,35222,3944724,1,0
8382460,803,1,4392841,4392841,8382460,3989619,3989619,125300,3864319,1,0
8393472,819,1,4392921,4392921,8393472,4000551,4000551,18212,3982339,1,0
8398857,773,1,4301585,4301585,8398857,4097272,4097272,443015,3654257,1,0
8399879,802,1,4392837,4392837,8399879,4007042,4007042,144892,3862150,1,0
8407337,811,1,4392878,4392878,8407337,4014459,4014459,83320,3931139,1,0
8417567,822,1,4392941,4392941,8417567,4024626,4024626,24888,3999738,1,0
8432239,820,1,4392925,4392925,8432239,4039314,4039314,45967,3993347,1,0
8434696,795,1,4392803,4392803,8434696,4041893,4041893,220354,3821539,1,0
8435234,827,1,4392984,4392984,8435234,4042250,4042250,7738,4034512,1,0
8437306,403,1,2621537,2621537,8437306,5815769,5815769,2993699,2822070,1,0
8445242,448,1,3527689,3527689,8445242,4917553,4917553,2035046,2882507,3,0
8449879,641,1,3705775,3705775,8449879,4744104,4744104,1088823,3655281,1,0
8456880,821,1,4392932,4392932,8456880,4063948,4063948,65223,3998725,1,0
8461279,799,1,4392821,4392821,8461279,4068458,4068458,221823,3846635,1,0
8461808,825,1,4392967,4392967,8461808,4068841,4068841,36769,4032072,1,0
8464371,830,1,4393004,4393004,8464371,4071367,4071367,26329,4045038,1,0
8468713,831,1,4393009,4393009,8468713,4075704,4075704,26034,4049670,1,0
8475106,828,1,4392992,4392992,8475106,4082114,4082114,47072,4035042,1,0
8480641,823,1,4392948,4392948,8480641,4087693,4087693,80504,4007189,1,0
8482461,742,1,4301420,4301420,8482461,4181041,4181041,712438,3468603,1,0
8490636,832,1,4393013,4393013,8490636,4097623,4097623,40956,4056667,1,0
8492014,834,1,4393025,4393025,8492014,4098989,4098989,37406,4061583,1,0
8496120,818,1,4392916,4392916,8496120,4103204,4103204,130481,3972723,1,0
8507770,835,1,4393030,4393030,8507770,4114740,4114740,50599,4064141,1,0
8511799,591,1,3630073,3630073,8511799,4881726,4881726,1375063,3506663,1,0
8523118,806,1,4392854,4392854,8523118,4130264,4130264,220818,3909446,1,0
8526519,839,1,4393049,4393049,8526519,4133470,4133470,53078,4080392,1,0
8549651,770,1,4301570,4301570,8549651,4248081,4248081,607082,3640999,1,0
8555990,813,1,4392888,4392888,8555990,4163102,4163102,219194,3943908,1,0
8568346,842,1,4393062,4393062,8568346,4175284,4175284,83532,4091752,1,0
8578190,817,1,4392911,4392911,8578190,4185279,4185279,215251,3970028,1,0
8597832,849,1,4425909,4425909,8597832,4171923,4171923,49042,4122881,1,0
8623440,841,1,4393058,4393058,8623440,4230382,4230382,140004,4090378,1,0
8637981,754,1,4301489,4301489,8637981,4336492,4336492,806931,3529561,1,0
8647487,838,1,4393044,4393044,8647487,4254443,4254443,179581,4074862,1,0
8649445,293,1,2447074,2447074,8649445,6202371,6202371,4884447,1317924,9,0
8677289,829,1,4392998,4392998,8677289,4284291,4284291,247183,4037108,1,0
8679659,854,1,4649837,4649837,8679659,4029822,4029822,48878,3980944,1,0
8680691,852,1,4649827,4649827,8680691,4030864,4030864,90059,3940805,1,0
8689661,860,1,4649867,4649867,8689661,4039794,4039794,16170,4023624,1,0
8694415,855,1,4649842,4649842,8694415,4044573,4044573,54128,3990445,1,0
8701870,528,1,3623133,3623133,8701870,5078737,5078737,1744762,3333975,1,0
8714593,728,1,4221310,4221310,8714593,4493283,4493283,1003523,3489760,1,0
8725349,844,1,4393074,4393074,8725349,4332275,4332275,224779,4107496,1,0
8733341,743,1,4301424,4301424,8733341,4431917,4431917,960693,3471224,1,0
8758208,840,1,4393053,4393053,8758208,4365155,4365155,282947,4082208,1,0
8758248,858,1,4649857,4649857,8758248,4108391,4108391,88159,4020232,1,0
8763775,836,1,4393034,4393034,8763775,4370741,4370741,302262,4068479,1,0
8766617,859,1,4649863,4649863,8766617,4116754,4116754,94158,4022596,1,0
8773050,866,1,4649896,4649896,8773050,4123154,4123154,54901,4068253,1,0
8773575,871,1,4649921,4649921,8773575,4123654,4123654,17000,4106654,1,0
8778112,874,1,4649936,4649936,8778112,4128176,4128176,11737,4116439,1,0
8788699,843,1,4393070,4393070,8788699,4395629,4395629,299779,4095850,1,0
8791605,789,1,4301660,4301660,8791605,4489945,4489945,714442,3775503,1,0
8796487,878,1,4649954,4649954,8796487,4146533,4146533,12082,4134451,1,0
8803340,857,1,4649852,4649852,8803340,4153488,4153488,161095,3992393,1,0
8819056,744,1,4301429,4301429,8819056,4517627,4517627,1038211,3479416,1,0
8825381,790,1,4381372,4381372,8825381,4444009,4444009,746516,3697493,1,0
8854369,236,1,2188626,2188626,8854369,6665743,6665743,6037843,627900,6,0
8855565,883,1,4649978,4649978,8855565,4205587,4205587,37384,4168203,1,0
8862216,881,1,4649969,4649969,8862216,4212247,4212247,66076,4146171,1,0
8863238,863,1,4649881,4649881,8863238,4213357,4213357,176023,4037334,1,0
8864810,646,1,3773031,3773031,8864810,5091779,5091779,1460653,3631126,1,0
8866587,43,1,959294,959294,8866587,7907293,7907293,7907293,0,0,0
8867023,772,1,4301580,4301580,8867023,4565443,4565443,915551,3649892,1,0
8870641,891,1,4650016,4650016,8870641,4220625,4220625,11254,4209371,1,0
8873133,769,1,4301566,4301566,8873133,4571567,4571567,933199,3638368,1,0
8877729,879,1,4649959,4649959,8877729,4227770,4227770,88442,4139328,1,0
8880058,590,1,3630067,3630067,8880058,5249991,5249991,1745685,3504306,1,0
8881319,824,1,4392957,4392957,8881319,4488362,4488362,470952,4017410,1,0
8882525,893,1,4650024,4650024,8882525,4232501,4232501,19084,4213417,1,0
8884619,751,1,4301472,4301472,8884619,4583147,4583147,1071829,3511318,1,0
8886335,870,1,4649916,4649916,8886335,4236419,4236419,135287,4101132,1,0
8891791,872,1,4649927,4649927,8891791,4241864,4241864,132374,4109490,1,0
8895798,890,1,4650010,4650010,8895798,4245788,4245788,38188,4207600,1,0
8910431,884,1,4649982,4649982,8910431,4260449,4260449,63262,4197187,1,0
8915427,886,1,4649992,4649992,8915427,4265435,4265435,67062,4198373,1,0
8916842,833,1,4393018,4393018,8916842,4523824,4523824,462763,4061061,1,0
8928036,896,1,4650038,4650038,8928036,4277998,4277998,57507,4220491,1,0
8928181,876,1,4649946,4649946,8928181,4278235,4278235,157269,4120966,1,0
8935573,358,1,2540233,2540233,8935573,6395340,6395340,4211409,2183931,1,0
8951240,750,1,4301467,4301467,8951240,4649773,4649773,1150796,3498977,1,0
8963229,909,1,6125270,6125270,8963229,2837959,2837959,34856,2803103,1,0
8965094,793,1,4392576,4392576,8965094,4572518,4572518,800164,3772354,1,0
8972861,898,1,4650048,4650048,8972861,4322813,4322813,98742,4224071,1,0
8974286,897,1,4650042,4650042,8974286,4324244,4324244,101428,4222816,1,0
8980515,81,1,1366732,1366732,8980515,7613783,7613783,7613783,0,0,0
8988749,847,1,4396284,4396284,8988749,4592465,4592465,469430,4123035,1,0
8989538,895,1,4650033,4650033,8989538,4339505,4339505,123605,4215900,1,0
8990186,912,1,6125284,6125284,8990186,2864902,2864902,32292,2832610,1,0
9003180,864,1,4649886,4649886,9003180,4353294,4353294,308510,4044784,1,0
9003884,139,1,1840330,1840330,9003884,7163554,7163554,7163554,0,0,0
9004822,899,1,4650053,4650053,9004822,4354769,4354769,129497,4225272,1,0
9020000,916,1,6125301,6125301,9020000,2894699,2894699,38451,2856248,1,0
9072561,731,1,4221402,4221402,9072561,4851159,4851159,1353946,3497213,1,0
9075954,917,1,6125306,6125306,9075954,2950648,2950648,93616,2857032,1,0
9076010,918,1,6125311,6125311,9076010,2950699,2950699,93024,2857675,1,0
9090654,430,1,3451978,3451978,9090654,5638676,5638676,3020744,2617932,3,0
9116448,778,1,4301608,4301608,9116448,4814840,4814840,1120096,3694744,1,0
9126009,927,1,6540122,6540122,9126009,2585887,2585887,16761,2569126,1,0
9131911,862,1,4649876,4649876,9131911,4482035,4482035,449450,4032585,1,0
9135151,928,1,6540128,6540128,9135151,2595023,2595023,16342,2578681,1,0
9138495,905,1,6125250,6125250,9138495,3013245,3013245,230268,2782977,1,0
9162702,931,1,6540149,6540149,9162702,2622553,2622553,31407,2591146,1,0
9178402,869,1,4649912,4649912,9178402,4528490,4528490,427394,4101096,1,0
9180576,850,1,4429717,4429717,9180576,4750859,4750859,619430,4131429,1,0
9193641,882,1,4649973,4649973,9193641,4543668,4543668,381785,4161883,1,0
9209703,867,1,4649900,4649900,9209703,4559803,4559803,483562,4076241,1,0
9212856,935,1,6540174,6540174,9212856,2672682,2672682,26415,2646267,1,0
9217712,911,1,6125278,6125278,9217712,3092434,3092434,261683,2830751,1,0
9223920,851,1,4438179,4438179,9223920,4785741,4785741,652930,4132811,1,0
9251845,573,1,3629661,3629661,9251845,5622184,5622184,2180226,3441958,1,0
9263236,436,1,3452019,3452019,9263236,5811217,5811217,3139891,2671326,4,0
9268382,432,1,3451995,3451995,9268382,5816387,5816387,3186692,2629695,4,0
9269351,767,1,4301557,4301557,9269351,4967794,4967794,1351118,3616676,1,0
9278727,920,1,6125320,6125320,9278727,3153407,3153407,282043,2871364,1,0
9286212,391,1,2543588,2543588,9286212,6742624,6742624,3989716,2752908,1,0
9287728,914,1,6125293,6125293,9287728,3162435,3162435,320642,2841793,1,0
9288664,944,1,6555731,6555731,9288664,2732933,2732933,17137,2715796,1,0
9290045,903,1,6125240,6125240,9290045,3164805,3164805,401447,2763358,1,0
9290330,747,1,4301443,4301443,9290330,4988887,4988887,1500498,3488389,1,0
9293671,943,1,6555725,6555725,9293671,2737946,2737946,31520,2706426,1,0
9299500,889,1,4650005,4650005,9299500,4649495,4649495,443462,4206033,1,0
9306153,950,1,6555771,6555771,9306153,2750382,2750382,19682,2730700,1,0
9330207,784,1,4301636,4301636,9330207,5028571,5028571,1276896,3751675,1,0
9337529,865,1,4649891,4649891,9337529,4687638,4687638,630136,4057502,1,0
9355909,427,1,3451963,3451963,9355909,5903946,5903946,3347686,2556260,3,0
9373148,949,1,6555765,6555765,9373148,2817383,2817383,90018,2727365,1,0
9380344,901,1,4650062,4650062,9380344,4730282,4730282,501209,4229073,1,0
9396502,594,1,3630091,3630091,9396502,5766411,5766411,2250018,3516393,1,0
9407428,175,1,1948900,1948900,9407428,7458528,7458528,7452928,5600,6,0
9431132,921,1,6125324,6125324,9431132,3305808,3305808,433510,2872298,1,0
9432025,453,1,3527745,3527745,9432025,5904280,5904280,2838979,3065301,1,0
9432679,392,1,2543645,2543645,9432679,6889034,6889034,4130342,2758692,1,0
9444378,913,1,6125288,6125288,9444378,3319090,3319090,478717,2840373,1,0
9491619,262,1,2278104,2278104,9491619,7213515,7213515,6291160,922355,14,0
9501190,845,1,4394412,4394412,9501190,5106778,5106778,996591,4110187,1,0
9504682,877,1,4649950,4649950,9504682,4854732,4854732,723183,4131549,1,0
9519455,873,1,4649932,4649932,9519455,4869523,4869523,753605,4115918,1,0
9520388,94,1,1650338,1650338,9520388,7870050,7870050,7870050,0,0,0
9521912,926,1,6540115,6540115,9521912,2981797,2981797,438458,2543339,1,0
9522659,925,1,6540108,6540108,9522659,2982551,2982551,453849,2528702,1,0
9530736,853,1,4649832,4649832,9530736,4880904,4880904,914496,3966408,1,0
9577543,932,1,6540156,6540156,9577543,3037387,3037387,422041,2615346,1,0
9632693,938,1,6555672,6555672,9632693,3077021,3077021,422181,2654840,1,0
9664703,204,1,2064921,2064921,9664703,7599782,7599782,7477648,122134,12,0
9678361,933,1,6540162,6540162,9678361,3138199,3138199,507159,2631040,1,0
9713996,936,1,6540180,6540180,9713996,3173816,3173816,511493,2662323,1,0
9716377,103,1,1730161,1730161,9716377,7986216,7986216,7986216,0,0,0
9811533,941,1,6555692,6555692,9811533,3255841,3255841,555497,2700344,1,0
9829142,924,1,6540101,6540101,9829142,3289041,3289041,760388,2528653,1,0
9859869,919,1,6125315,6125315,9859869,3734554,3734554,863889,2870665,1,0
9896191,948,1,6555758,6555758,9896191,3340433,3340433,613346,2727087,1,0
9900257,888,1,4650001,4650001,9900257,5250256,5250256,1045241,4205015,1,0
9916435,129,1,1803807,1803807,9916435,8112628,8112628,8112628,0,0,0
9924254,848,1,4396334,4396334,9924254,5527920,5527920,1381803,4146117,1,0
9959624,915,1,6125297,6125297,9959624,3834327,3834327,986309,2848018,1,0
9962915,940,1,6555686,6555686,9962915,3407229,3407229,718270,2688959,1,0
9967770,760,1,4301517,4301517,9967770,5666253,5666253,2131197,3535056,1,0
9975591,596,1,3630103,3630103,9975591,6345488,6345488,2821620,3523868,1,0
9976484,84,1,1371397,1371397,9976484,8605087,8605087,8605087,0,0,0
9982660,88,1,1379192,1379192,9982660,8603468,8603468,8603468,0,0,0
9996577,910,1,6125274,6125274,9996577,3871303,3871303,1052537,2818766,1,0
10017572,945,1,6555738,6555738,10017572,3461834,3461834,738560,2723274,1,0
10026758,69,1,1115960,1115960,10026758,8910798,8910798,8910798,0,0,0
10044711,892,1,4650020,4650020,10044711,5394691,5394691,1184888,4209803,1,0
10071812,399,1,2621206,2621206,10071812,7450606,7450606,4697500,2753106,1,0
10095679,922,1,6540089,6540089,10095679,3555590,3555590,1082879,2472711,1,0
10096078,900,1,4650057,4650057,10096078,5446021,5446021,1218659,4227362,1,0
10098524,762,1,4301526,4301526,10098524,5796998,5796998,2244165,3552833,1,0
10138189,454,1,3527750,3527750,10138189,6610439,6610439,3519261,3091178,1,0
10184520,373,1,2541505,2541505,10184520,7643015,7643015,5219803,2423212,1,0
10320236,902,1,6125235,6125235,10320236,4195001,4195001,1435645,2759356,1,0
10340609,758,1,4301507,4301507,10340609,6039102,6039102,2506658,3532444,1,0
10353210,748,1,4301450,4301450,10353210,6051760,6051760,2557838,3493922,1,0
10483067,21,1,142,142,10483067,10482925,10482925,10482925,0,0,0
10484238,8,1,54,54,10484238,10484184,10484184,10484184,0,0,0
10522936,282,1,2339650,2339650,10522936,8183286,8183286,6927871,1255415,13,0
10586769,792,1,4392487,4392487,10586769,6194282,6194282,2476276,3718006,1,0
10623691,431,1,3451983,3451983,10623691,7171708,7171708,4543665,2628043,4,0
10641257,846,1,4396231,4396231,10641257,6245026,6245026,2125339,4119687,1,0
10724305,61,1,1019314,1019314,10724305,9704991,9704991,9704991,0,0,0
10789417,745,1,4301434,4301434,10789417,6487983,6487983,3006540,3481443,1,0
10815853,34,1,936386,936386,10815853,9879467,9879467,9879467,0,0,0
10832926,23,1,693533,693533,10832926,10139393,10139393,10139393,0,0,0
10868134,589,1,3630060,3630060,10868134,7238074,7238074,3736978,3501096,1,0
10886504,785,1,4301641,4301641,10886504,6584863,6584863,2820532,3764331,1,0
10943228,942,1,6555705,6555705,10943228,4387523,4387523,1682046,2705477,1,0
11290107,908,1,6125264,6125264,11290107,5164843,5164843,2369126,2795717,1,0
11315620,906,1,6125254,6125254,11315620,5190366,5190366,2405978,2784388,1,0
11328862,242,1,2190458,2190458,11328862,9138404,9138404,8485222,653182,8,0
11515252,791,1,4381977,4381977,11515252,7133275,7133275,3410795,3722480,1,0
11523359,929,1,6540135,6540135,11523359,4983224,4983224,2398648,2584576,1,0
11541328,937,1,6540186,6540186,11541328,5001142,5001142,2335672,2665470,1,0
11568682,904,1,6125245,6125245,11568682,5443437,5443437,2665451,2777986,1,0
11800261,46,1,960056,960056,11800261,10840205,10840205,10840205,0,0,0
11885606,947,1,6555752,6555752,11885606,5329854,5329854,2604142,2725712,1,0
11889238,400,1,2621235,2621235,11889238,9268003,9268003,6474594,2793409,1,0
11897709,218,1,2173117,2173117,11897709,9724592,9724592,9413051,311541,9,0
12103725,352,1,2540104,2540104,12103725,9563621,9563621,7447827,2115794,1,0
12109152,396,1,2620390,2620390,12109152,9488762,9488762,6758480,2730282,1,0
12133493,374,1,2541526,2541526,12133493,9591967,9591967,7166083,2425884,1,0
12194765,355,1,2540169,2540169,12194765,9654596,9654596,7485172,2169424,1,0
12302288,7,1,47,47,12302288,12302241,12302241,12302241,0,0,0
12304123,0,1,0,0,12304123,12304123,12304123,12304123,0,0,0
12327996,390,1,2543562,2543562,12327996,9784434,9784434,7074848,2709586,1,0
12458631,127,1,1803791,1803791,12458631,10654840,10654840,10654840,0,0,0
12503445,416,1,3231182,3231182,12503445,9272263,9272263,6903127,2369136,2,0
13006139,418,1,3231888,3231888,13006139,9774251,9774251,7289481,2484770,2,0
13012447,44,1,959881,959881,13012447,12052566,12052566,12052566,0,0,0
13056254,934,1,6540168,6540168,13056254,6516086,6516086,3882878,2633208,1,0
13690035,357,1,2540214,2540214,13690035,11149821,11149821,8972217,2177604,1,0
13712617,149,1,1845223,1845223,13712617,11867394,11867394,11867394,0,0,0
13738240,939,1,6555679,6555679,13738240,7182561,7182561,4521520,2661041,1,0
13797084,254,1,2261654,2261654,13797084,11535430,11535430,10694120,841310,10,0
13903739,946,1,6555746,6555746,13903739,7347993,7347993,4623211,2724782,1,0
14041180,383,1,2542478,2542478,14041180,11498702,11498702,8858819,2639883,1,0
14231244,455,1,3527754,3527754,14231244,10703490,10703490,7608322,3095168,1,0
14425319,113,1,1756404,1756404,14425319,12668915,12668915,12668915,0,0,0
14474876,456,1,3527760,3527760,14474876,10947116,10947116,7834267,3112849,1,0
14709444,75,1,1364234,1364234,14709444,13345210,13345210,13345210,0,0,0
15452453,370,1,2541191,2541191,15452453,12911262,12911262,10505677,2405585,1,0
15502357,197,1,2064706,2064706,15502357,13437651,13437651,13386039,51612,10,0
15618178,90,1,1379890,1379890,15618178,14238288,14238288,14238288,0,0,0
16516810,923,1,6540095,6540095,16516810,9976715,9976715,7451449,2525266,1,0
16524679,907,1,6125259,6125259,16524679,10399420,10399420,7603843,2795577,1,0
16788703,250,1,2253685,2253685,16788703,14535018,14535018,13791479,743539,10,0
17007677,449,1,3527694,3527694,17007677,13479983,13479983,10596831,2883152,3,0
17439304,930,1,6540142,6540142,17439304,10899162,10899162,8311353,2587809,1,0
18708999,276,1,2338082,2338082,18708999,16370917,16370917,15256311,1114606,12,0
19525163,229,1,2187833,2187833,19525163,17337330,17337330,16830107,507223,5,0
19720507,80,1,1365201,1365201,19720507,18355306,18355306,18355306,0,0,0
20399034,11,1,75,75,20399034,20398959,20398959,20398959,0,0,0
21144473,13,1,89,89,21144473,21144384,21144384,21144384,0,0,0
24691772,412,1,3004859,3004859,24691772,21686913,21686913,19187403,2499510,1,0
27380003,9,1,61,61,27380003,27379942,27379942,27379942,0,0,0
27387912,16,1,108,108,27387912,27387804,27387804,27387804,0,0,0
36206915,15,1,101,101,36206915,36206814,36206814,36206814,0,0,0
36207506,17,1,114,114,36207506,36207392,36207392,36207392,0,0,0
36255074,405,1,2621554,2621554,36255074,33633520,33633520,30801244,2832276,1,0
36343441,452,1,3527708,3527708,36343441,32815733,32815733,29781367,3034366,1,0
64549161,19,1,128,128,64549161,64549033,64549033,64549033,0,0,0
93584457,20,1,136,136,93584457,93584321,93584321,93584321,0,0,0
93918626,450,1,3527698,3527698,93918626,90390928,90390928,87428122,2962806,3,0
140287672,3,1,21,21,140287672,140287651,140287651,140287651,0,0,0
152886987,12,1,82,82,152886987,152886905,152886905,152886905,0,0,0
305604998,14,1,95,95,305604998,305604903,305604903,305604903,0,0,0
305618986,5,1,34,34,305618986,305618952,305618952,305618952,0,0,0
351033107,10,1,68,68,351033107,351033039,351033039,351033039,0,0,0
356293272,6,1,41,41,356293272,356293231,356293231,356293231,0,0,0
