time,job_id,num_gpu,submit_time,start_time,end_time,executed_time,JCT,duration,pending_time,preempt,promote
2694873,2,1,2683745,2683745,2694873,11128,11128,11128,0,0,0
2760784,9,1,2745228,2745228,2760784,15556,15556,15556,0,0,0
2765413,8,1,2744057,2744057,2765413,21356,21356,21356,0,0,0
2767806,18,1,2763501,2763501,2767806,4305,4305,4305,0,0,0
2792685,24,1,2791070,2791070,2792685,1615,1615,1615,0,0,0
2798142,22,1,2790390,2790390,2798142,7752,7752,7752,0,0,0
2805659,21,1,2790358,2790358,2805659,15301,15301,15301,0,0,0
2808562,17,1,2762476,2762476,2808562,46086,46086,46086,0,0,0
2808684,25,1,2791130,2791130,2808684,17554,17554,17554,0,0,0
2812465,30,1,2811411,2811411,2812465,1054,1054,1054,0,0,0
2828928,13,1,2752262,2752262,2828928,76666,76666,76666,0,0,0
2846391,28,1,2796319,2796319,2846391,50072,50072,50072,0,0,0
2854344,7,1,2741823,2741823,2854344,112521,112521,112521,0,0,0
2854579,29,1,2811390,2811390,2854579,43189,43189,43189,0,0,0
2861131,27,1,2796002,2796002,2861131,65129,65129,65129,0,0,0
2870395,38,1,2832156,2832156,2870395,38239,38239,38239,0,0,0
2883929,41,1,2879720,2879720,2883929,4209,4209,4209,0,0,0
2896036,39,4,2833286,2833286,2896036,62750,62750,62750,0,0,0
2926842,4,1,2721135,2721135,2926842,205707,205707,205707,0,0,0
2927423,55,1,2925767,2925767,2927423,1656,1656,1656,0,0,0
2946229,16,1,2760250,2760250,2946229,185979,185979,185979,0,0,0
2958513,53,1,2922165,2922165,2958513,36348,36348,36348,0,0,0
2989982,33,1,2813432,2813432,2989982,176550,176550,176550,0,0,0
2990135,12,1,2749648,2749648,2990135,240487,240487,240487,0,0,0
3007313,15,1,2757056,2757056,3007313,250257,250257,250257,0,0,0
3017296,20,1,2767880,2767880,3017296,249416,249416,249416,0,0,0
3020827,45,4,2897735,2897735,3020827,123092,123092,123092,0,0,0
3028433,57,1,3013560,3013560,3028433,14873,14873,14873,0,0,0
3036830,58,1,3017499,3017499,3036830,19331,19331,19331,0,0,0
3042638,36,4,2831625,2831625,3042638,211013,211013,211013,0,0,0
3046787,54,1,2922193,2922193,3046787,124594,124594,124594,0,0,0
3071645,23,1,2790973,2790973,3071645,280672,280672,280672,0,0,0
3073901,46,1,2900292,2900292,3073901,173609,173609,173609,0,0,0
3073998,42,1,2879912,2879912,3073998,194086,194086,194086,0,0,0
3075230,56,1,3008428,3008428,3075230,66802,66802,66802,0,0,0
3077863,50,1,2913454,2913454,3077863,164409,164409,164409,0,0,0
3102363,32,1,2813338,2813338,3102363,289025,289025,289025,0,0,0
3117750,63,1,3098633,3098633,3117750,19117,19117,19117,0,0,0
3121750,64,1,3112753,3112753,3121750,8997,8997,8997,0,0,0
3134817,66,1,3134083,3134083,3134817,734,734,734,0,0,0
3157338,19,1,2764479,2764479,3157338,392859,392859,392859,0,0,0
3178469,72,1,3166459,3166459,3178469,12010,12010,12010,0,0,0
3179510,71,1,3166396,3166396,3179510,13114,13114,13114,0,0,0
3180288,70,1,3166393,3166393,3180288,13895,13895,13895,0,0,0
3180588,74,1,3167289,3167289,3180588,13299,13299,13299,0,0,0
3191882,68,1,3166208,3166208,3191882,25674,25674,25674,0,0,0
3210527,73,1,3166462,3166462,3210527,44065,44065,44065,0,0,0
3246274,37,4,2831922,2831922,3246274,414352,414352,414352,0,0,0
3260837,65,1,3115962,3115962,3260837,144875,144875,144875,0,0,0
3282009,1,1,364815,364815,3282009,2917194,2917194,2917194,0,0,0
3337556,69,1,3166210,3166210,3337556,171346,171346,171346,0,0,0
3349326,86,1,3348300,3348300,3349326,1026,1026,1026,0,0,0
3359980,78,1,3247645,3247645,3359980,112335,112335,112335,0,0,0
3396851,83,1,3302115,3302115,3396851,94736,94736,94736,0,0,0
3440965,89,1,3350370,3350370,3440965,90595,90595,90595,0,0,0
3441011,91,1,3363978,3363978,3441011,77033,77033,77033,0,0,0
3444210,100,1,3406333,3406333,3444210,37877,37877,37877,0,0,0
3447265,101,1,3406561,3406561,3447265,40704,40704,40704,0,0,0
3453326,126,1,3449149,3449149,3453326,4177,4177,4177,0,0,0
3453590,97,1,3389175,3389175,3453590,64415,64415,64415,0,0,0
3455705,51,1,2916803,2916803,3455705,538902,538902,538902,0,0,0
3456635,124,1,3445552,3445552,3456635,11083,11083,11083,0,0,0
3457813,104,2,3416046,3416046,3457813,41767,41767,41767,0,0,0
3462313,122,2,3443310,3443310,3462313,19003,19003,19003,0,0,0
3463427,117,2,3436744,3436744,3463427,26683,26683,26683,0,0,0
3464479,75,1,3167291,3167291,3464479,297188,297188,297188,0,0,0
3465217,128,1,3456768,3456768,3465217,8449,8449,8449,0,0,0
3472669,107,2,3417551,3417551,3472669,55118,55118,55118,0,0,0
3481728,96,1,3389111,3389111,3481728,92617,92617,92617,0,0,0
3496472,105,2,3416213,3416213,3496472,80259,80259,80259,0,0,0
3505719,79,1,3273293,3273293,3505719,232426,232426,232426,0,0,0
3507208,125,1,3446103,3446103,3507208,61105,61105,61105,0,0,0
3509829,102,1,3413907,3413907,3509829,95922,95922,95922,0,0,0
3509984,110,2,3426963,3426963,3509984,83021,83021,83021,0,0,0
3524642,121,1,3442664,3442664,3524642,81978,81978,81978,0,0,0
3531938,132,4,3506790,3506790,3531938,25148,25148,25148,0,0,0
3532281,85,1,3346893,3346893,3532281,185388,185388,185388,0,0,0
3536242,133,8,3517974,3517974,3536242,18268,18268,18268,0,0,0
3537126,106,2,3416983,3416983,3537126,120143,120143,120143,0,0,0
3546314,108,1,3422001,3422001,3546314,124313,124313,124313,0,0,0
3546620,140,1,3545511,3545511,3546620,1109,1109,1109,0,0,0
3548313,141,8,3545533,3545533,3548313,2780,2780,2780,0,0,0
3555803,142,1,3547763,3547763,3555803,8040,8040,8040,0,0,0
3556146,87,1,3348829,3348829,3556146,207317,207317,207317,0,0,0
3574758,143,1,3548681,3548681,3574758,26077,26077,26077,0,0,0
3587936,151,1,3587531,3587531,3587936,405,405,405,0,0,0
3590132,44,1,2897477,2897477,3590132,692655,692655,673839,18816,1,0
3608362,138,1,3539131,3539131,3608362,69231,69231,69231,0,0,0
3609231,93,1,3372240,3372240,3609231,236991,236991,236991,0,0,0
3609367,120,1,3442090,3442090,3609367,167277,167277,167277,0,0,0
3620303,165,4,3617635,3617635,3620303,2668,2668,2668,0,0,0
3625986,162,4,3615707,3615707,3625986,10279,10279,10279,0,0,0
3626884,146,1,3554341,3554341,3626884,72543,72543,72543,0,0,0
3632652,135,1,3528111,3528111,3632652,104541,104541,104541,0,0,0
3633962,156,2,3610691,3610691,3633962,23271,23271,23271,0,0,0
3635806,159,2,3611733,3611733,3635806,24073,24073,24073,0,0,0
3642806,92,1,3370120,3370120,3642806,272686,272686,272686,0,0,0
3646750,163,4,3616172,3616172,3646750,30578,30578,30578,0,0,0
3652263,160,1,3614038,3614038,3652263,38225,38225,38225,0,0,0
3671654,168,1,3633236,3633236,3671654,38418,38418,38418,0,0,0
3690067,170,1,3689380,3689380,3690067,687,687,687,0,0,0
3691415,152,1,3597265,3597265,3691415,94150,94150,94150,0,0,0
3693020,164,1,3616422,3616422,3693020,76598,76598,76598,0,0,0
3694836,161,1,3614111,3614111,3694836,80725,80725,80725,0,0,0
3703035,137,1,3529815,3529815,3703035,173220,173220,173220,0,0,0
3706219,174,4,3705629,3705629,3706219,590,590,590,0,0,0
3708571,177,4,3707633,3707633,3708571,938,938,938,0,0,0
3712886,171,4,3696274,3696274,3712886,16612,16612,16612,0,0,0
3722587,116,2,3436357,3436357,3722587,286230,286230,286230,0,0,0
3731377,157,2,3610759,3610759,3731377,120618,120618,120618,0,0,0
3739904,99,1,3397456,3397456,3739904,342448,342448,342448,0,0,0
3759410,111,2,3427040,3427040,3759410,332370,332370,332370,0,0,0
3764179,145,1,3552609,3552609,3764179,211570,211570,211570,0,0,0
3765390,60,1,3059640,3059640,3765390,705750,705750,705750,0,0,0
3770699,130,1,3479707,3479707,3770699,290992,290992,290992,0,0,0
3772345,34,1,2828101,2828101,3772345,944244,944244,944244,0,0,0
3774932,144,1,3549185,3549185,3774932,225747,225747,225747,0,0,0
3790844,49,1,2903769,2903769,3790844,887075,887075,887075,0,0,0
3791263,98,1,3396768,3396768,3791263,394495,394495,394495,0,0,0
3836640,153,1,3607177,3607177,3836640,229463,229463,229463,0,0,0
3867594,181,4,3785198,3785198,3867594,82396,82396,82396,0,0,0
3870904,154,2,3610670,3610670,3870904,260234,260234,260234,0,0,0
3878830,47,1,2902852,2902852,3878830,975978,975978,962655,13323,1,0
3886756,172,1,3699935,3699935,3886756,186821,186821,186821,0,0,0
3904241,186,1,3886807,3886807,3904241,17434,17434,17434,0,0,0
3914996,182,1,3884798,3884798,3914996,30198,30198,30198,0,0,0
3916518,188,1,3887805,3887805,3916518,28713,28713,28713,0,0,0
3935266,94,1,3372303,3372303,3935266,562963,562963,562963,0,0,0
3940382,195,1,3939188,3939188,3940382,1194,1194,1194,0,0,0
3940941,199,1,3939465,3939465,3940941,1476,1476,1476,0,0,0
3956239,147,1,3560536,3560536,3956239,395703,395703,395703,0,0,0
3960366,109,1,3422407,3422407,3960366,537959,537959,537959,0,0,0
3961567,193,1,3939177,3939177,3961567,22390,22390,22390,0,0,0
3962282,198,1,3939376,3939376,3962282,22906,22906,22906,0,0,0
3973119,103,1,3414325,3414325,3973119,558794,558794,558794,0,0,0
3974628,202,1,3963512,3963512,3974628,11116,11116,11116,0,0,0
3975664,185,1,3885347,3885347,3975664,90317,90317,90317,0,0,0
3977894,194,1,3939184,3939184,3977894,38710,38710,38710,0,0,0
3980576,189,1,3887806,3887806,3980576,92770,92770,92770,0,0,0
3982010,131,4,3502173,3502173,3982010,479837,479837,479837,0,0,0
3989231,167,1,3633232,3633232,3989231,355999,355999,355999,0,0,0
4010941,169,1,3687230,3687230,4010941,323711,323711,323711,0,0,0
4011940,196,1,3939281,3939281,4011940,72659,72659,72659,0,0,0
4018387,223,1,4017683,4017683,4018387,704,704,704,0,0,0
4018558,238,1,4017960,4017960,4018558,598,598,598,0,0,0
4018607,228,1,4017778,4017778,4018607,829,829,829,0,0,0
4018638,232,1,4017901,4017901,4018638,737,737,737,0,0,0
4018653,256,1,4018234,4018234,4018653,419,419,419,0,0,0
4018705,235,1,4017922,4017922,4018705,783,783,783,0,0,0
4018783,212,1,4017451,4017451,4018783,1332,1332,1332,0,0,0
4018849,259,1,4018237,4018237,4018849,612,612,612,0,0,0
4019822,233,1,4017905,4017905,4019822,1917,1917,1917,0,0,0
4020029,251,1,4018190,4018190,4020029,1839,1839,1839,0,0,0
4020030,247,1,4018153,4018153,4020030,1877,1877,1877,0,0,0
4020453,263,1,4018241,4018241,4020453,2212,2212,2212,0,0,0
4020502,252,1,4018227,4018227,4020502,2275,2275,2275,0,0,0
4020713,266,1,4018334,4018334,4020713,2379,2379,2379,0,0,0
4020834,269,1,4018361,4018361,4020834,2473,2473,2473,0,0,0
4020921,280,1,4019070,4019070,4020921,1851,1851,1851,0,0,0
4020954,286,1,4020245,4020245,4020954,709,709,709,0,0,0
4020987,275,1,4018464,4018464,4020987,2523,2523,2523,0,0,0
4021051,289,1,4020249,4020249,4021051,802,802,802,0,0,0
4021561,291,1,4020252,4020252,4021561,1309,1309,1309,0,0,0
4021564,283,1,4020244,4020244,4021564,1320,1320,1320,0,0,0
4021644,243,1,4017982,4017982,4021644,3662,3662,3662,0,0,0
4022037,272,1,4018452,4018452,4022037,3585,3585,3585,0,0,0
4023405,301,1,4022963,4022963,4023405,442,442,442,0,0,0
4023979,296,1,4021864,4021864,4023979,2115,2115,2115,0,0,0
4024199,215,1,4017551,4017551,4024199,6648,6648,6648,0,0,0
4024858,210,1,4017436,4017436,4024858,7422,7422,7422,0,0,0
4025680,258,1,4018236,4018236,4025680,7444,7444,7444,0,0,0
4025799,226,1,4017691,4017691,4025799,8108,8108,8108,0,0,0
4027899,288,1,4020247,4020247,4027899,7652,7652,7652,0,0,0
4028293,246,1,4018142,4018142,4028293,10151,10151,10151,0,0,0
4028958,265,1,4018321,4018321,4028958,10637,10637,10637,0,0,0
4029029,260,1,4018238,4018238,4029029,10791,10791,10791,0,0,0
4029835,214,1,4017541,4017541,4029835,12294,12294,12294,0,0,0
4030173,227,1,4017773,4017773,4030173,12400,12400,12400,0,0,0
4031505,225,1,4017686,4017686,4031505,13819,13819,13819,0,0,0
4031564,277,1,4019059,4019059,4031564,12505,12505,12505,0,0,0
4033200,302,1,4022967,4022967,4033200,10233,10233,10233,0,0,0
4033470,241,1,4017976,4017976,4033470,15494,15494,15494,0,0,0
4033660,224,1,4017686,4017686,4033660,15974,15974,15974,0,0,0
4033998,191,1,3939123,3939123,4033998,94875,94875,94875,0,0,0
4034197,213,1,4017537,4017537,4034197,16660,16660,16660,0,0,0
4034307,295,1,4021837,4021837,4034307,12470,12470,12470,0,0,0
4034353,255,1,4018232,4018232,4034353,16121,16121,16121,0,0,0
4035402,279,1,4019063,4019063,4035402,16339,16339,16339,0,0,0
4036308,304,2,4030730,4030730,4036308,5578,5578,5578,0,0,0
4036421,268,1,4018357,4018357,4036421,18064,18064,18064,0,0,0
4036840,237,1,4017934,4017934,4036840,18906,18906,18906,0,0,0
4038731,297,1,4022264,4022264,4038731,16467,16467,16467,0,0,0
4039168,274,1,4018457,4018457,4039168,20711,20711,20711,0,0,0
4039626,261,1,4018239,4018239,4039626,21387,21387,21387,0,0,0
4039689,273,1,4018455,4018455,4039689,21234,21234,21234,0,0,0
4040624,231,1,4017899,4017899,4040624,22725,22725,22725,0,0,0
4040648,216,1,4017662,4017662,4040648,22986,22986,22986,0,0,0
4041954,285,1,4020245,4020245,4041954,21709,21709,21709,0,0,0
4043942,298,1,4022294,4022294,4043942,21648,21648,21648,0,0,0
4044264,299,1,4022303,4022303,4044264,21961,21961,21961,0,0,0
4044875,303,1,4022974,4022974,4044875,21901,21901,21901,0,0,0
4045479,234,1,4017910,4017910,4045479,27569,27569,27569,0,0,0
4045843,281,1,4019072,4019072,4045843,26771,26771,26771,0,0,0
4047443,312,2,4041682,4041682,4047443,5761,5761,5761,0,0,0
4047891,201,1,3960897,3960897,4047891,86994,86994,86994,0,0,0
4050047,219,1,4017675,4017675,4050047,32372,32372,32372,0,0,0
4051716,307,1,4036413,4036413,4051716,15303,15303,15303,0,0,0
4054952,290,2,4020252,4020252,4054952,34700,34700,34700,0,0,0
4055693,257,1,4018235,4018235,4055693,37458,37458,37458,0,0,0
4056046,187,1,3886809,3886809,4056046,169237,169237,169237,0,0,0
4056633,244,1,4018138,4018138,4056633,38495,38495,38495,0,0,0
4058479,222,1,4017682,4017682,4058479,40797,40797,40797,0,0,0
4061425,320,1,4057706,4057706,4061425,3719,3719,3719,0,0,0
4070271,321,1,4060600,4060600,4070271,9671,9671,9671,0,0,0
4073061,278,1,4019060,4019060,4073061,54001,54001,54001,0,0,0
4074600,245,1,4018140,4018140,4074600,56460,56460,56460,0,0,0
4076672,294,1,4021837,4021837,4076672,54835,54835,54835,0,0,0
4077099,284,1,4020244,4020244,4077099,56855,56855,56855,0,0,0
4077427,314,2,4042359,4042359,4077427,35068,35068,35068,0,0,0
4078203,88,1,3349967,3349967,4078203,728236,728236,728236,0,0,0
4079803,267,1,4018356,4018356,4079803,61447,61447,61447,0,0,0
4080209,211,1,4017442,4017442,4080209,62767,62767,62767,0,0,0
4082312,190,1,3939120,3939120,4082312,143192,143192,143192,0,0,0
4085474,150,1,3586426,3586426,4085474,499048,499048,499048,0,0,0
4085680,239,1,4017973,4017973,4085680,67707,67707,67707,0,0,0
4086220,240,1,4017974,4017974,4086220,68246,68246,68246,0,0,0
4086323,313,2,4042350,4042350,4086323,43973,43973,43973,0,0,0
4088087,208,2,4012236,4012236,4088087,75851,75851,75851,0,0,0
4088803,248,1,4018159,4018159,4088803,70644,70644,70644,0,0,0
4089039,341,1,4088371,4088371,4089039,668,668,668,0,0,0
4089439,347,1,4088472,4088472,4089439,967,967,967,0,0,0
4089531,328,1,4088266,4088266,4089531,1265,1265,1265,0,0,0
4089761,343,1,4088383,4088383,4089761,1378,1378,1378,0,0,0
4091816,338,1,4088346,4088346,4091816,3470,3470,3470,0,0,0
4092236,348,1,4088495,4088495,4092236,3741,3741,3741,0,0,0
4092601,323,1,4081561,4081561,4092601,11040,11040,11040,0,0,0
4097614,236,1,4017924,4017924,4097614,79690,79690,79690,0,0,0
4098652,336,1,4088324,4088324,4098652,10328,10328,10328,0,0,0
4099012,220,1,4017677,4017677,4099012,81335,81335,81335,0,0,0
4099371,337,1,4088339,4088339,4099371,11032,11032,11032,0,0,0
4100822,346,1,4088432,4088432,4100822,12390,12390,12390,0,0,0
4102291,217,1,4017666,4017666,4102291,84625,84625,84625,0,0,0
4102466,166,1,3633142,3633142,4102466,469324,469324,469324,0,0,0
4105791,203,1,3965847,3965847,4105791,139944,139944,139944,0,0,0
4106241,334,1,4088302,4088302,4106241,17939,17939,17939,0,0,0
4106760,270,1,4018450,4018450,4106760,88310,88310,88310,0,0,0
4109153,339,1,4088350,4088350,4109153,20803,20803,20803,0,0,0
4109458,183,1,3884804,3884804,4109458,224654,224654,224654,0,0,0
4111304,305,4,4034448,4034448,4111304,76856,76856,76856,0,0,0
4111485,264,1,4018318,4018318,4111485,93167,93167,93167,0,0,0
4112133,184,1,3885345,3885345,4112133,226788,226788,226788,0,0,0
4113692,253,1,4018229,4018229,4113692,95463,95463,95463,0,0,0
4114083,332,1,4088297,4088297,4114083,25786,25786,25786,0,0,0
4114971,26,1,2791609,2791609,4114971,1323362,1323362,1266882,56480,9,0
4115555,333,1,4088297,4088297,4115555,27258,27258,27258,0,0,0
4117450,249,1,4018175,4018175,4117450,99275,99275,99275,0,0,0
4120057,192,1,3939135,3939135,4120057,180922,180922,180922,0,0,0
4120451,300,2,4022559,4022559,4120451,97892,97892,97892,0,0,0
4123082,354,1,4121274,4121274,4123082,1808,1808,1808,0,0,0
4124002,344,1,4088397,4088397,4124002,35605,35605,35605,0,0,0
4134068,363,1,4133375,4133375,4134068,693,693,693,0,0,0
4134080,372,1,4133410,4133410,4134080,670,670,670,0,0,0
4134603,367,1,4133387,4133387,4134603,1216,1216,1216,0,0,0
4136010,353,1,4119764,4119764,4136010,16246,16246,16246,0,0,0
4139103,366,1,4133383,4133383,4139103,5720,5720,5720,0,0,0
4139825,375,1,4133431,4133431,4139825,6394,6394,6394,0,0,0
4141520,404,1,4139589,4139589,4141520,1931,1931,1931,0,0,0
4141572,384,1,4139402,4139402,4141572,2170,2170,2170,0,0,0
4141636,385,1,4139416,4139416,4141636,2220,2220,2220,0,0,0
4141644,382,1,4139375,4139375,4141644,2269,2269,2269,0,0,0
4142494,394,1,4139472,4139472,4142494,3022,3022,3022,0,0,0
4142787,402,1,4139559,4139559,4142787,3228,3228,3228,0,0,0
4143128,380,1,4133455,4133455,4143128,9673,9673,9673,0,0,0
4143230,401,1,4139539,4139539,4143230,3691,3691,3691,0,0,0
4143617,377,1,4133436,4133436,4143617,10181,10181,10181,0,0,0
4144264,378,1,4133444,4133444,4144264,10820,10820,10820,0,0,0
4145086,371,1,4133406,4133406,4145086,11680,11680,11680,0,0,0
4150361,376,1,4133434,4133434,4150361,16927,16927,16927,0,0,0
4153697,364,1,4133380,4133380,4153697,20317,20317,20317,0,0,0
4154793,271,1,4018452,4018452,4154793,136341,136341,136341,0,0,0
4155483,360,1,4133351,4133351,4155483,22132,22132,22132,0,0,0
4156023,406,1,4142302,4142302,4156023,13721,13721,13721,0,0,0
4157152,389,1,4139448,4139448,4157152,17704,17704,17704,0,0,0
4159618,356,2,4125705,4125705,4159618,33913,33913,33913,0,0,0
4170519,368,1,4133390,4133390,4170519,37129,37129,37129,0,0,0
4175837,365,1,4133383,4133383,4175837,42454,42454,42454,0,0,0
4182554,327,1,4088250,4088250,4182554,94304,94304,94304,0,0,0
4183958,409,1,4182206,4182206,4183958,1752,1752,1752,0,0,0
4185791,381,1,4133470,4133470,4185791,52321,52321,52321,0,0,0
4185987,395,1,4139476,4139476,4185987,46511,46511,46511,0,0,0
4186239,426,1,4182595,4182595,4186239,3644,3644,3644,0,0,0
4186612,429,1,4182627,4182627,4186612,3985,3985,3985,0,0,0
4191011,221,1,4017680,4017680,4191011,173331,173331,173331,0,0,0
4192599,398,1,4139497,4139497,4192599,53102,53102,53102,0,0,0
4193297,410,1,4182446,4182446,4193297,10851,10851,10851,0,0,0
4194206,342,1,4088372,4088372,4194206,105834,105834,105834,0,0,0
4195431,205,1,3973338,3973338,4195431,222093,222093,222093,0,0,0
4196092,407,1,4166455,4166455,4196092,29637,29637,29637,0,0,0
4199173,379,1,4133450,4133450,4199173,65723,65723,65723,0,0,0
4199195,359,1,4133350,4133350,4199195,65845,65845,65845,0,0,0
4200817,393,1,4139469,4139469,4200817,61348,61348,61348,0,0,0
4201384,421,1,4182561,4182561,4201384,18823,18823,18823,0,0,0
4201484,433,1,4187044,4187044,4201484,14440,14440,14440,0,0,0
4201886,218,1,4017668,4017668,4201886,184218,184218,184218,0,0,0
4204383,386,1,4139426,4139426,4204383,64957,64957,64957,0,0,0
4208614,254,1,4018232,4018232,4208614,190382,190382,190382,0,0,0
4211703,480,1,4209336,4209336,4211703,2367,2367,2367,0,0,0
4212438,470,1,4209204,4209204,4212438,3234,3234,3234,0,0,0
4212630,445,1,4209064,4209064,4212630,3566,3566,3566,0,0,0
4212741,451,1,4209077,4209077,4212741,3664,3664,3664,0,0,0
4213378,476,1,4209292,4209292,4213378,4086,4086,4086,0,0,0
4215510,484,2,4211455,4211455,4215510,4055,4055,4055,0,0,0
4215545,477,1,4209302,4209302,4215545,6243,6243,6243,0,0,0
4215725,424,1,4182585,4182585,4215725,33140,33140,33140,0,0,0
4218134,439,1,4194946,4194946,4218134,23188,23188,23188,0,0,0
4218868,242,1,4017976,4017976,4218868,200892,200892,199987,905,1,0
4218959,415,1,4182474,4182474,4218959,36485,36485,36485,0,0,0
4221592,397,1,4139493,4139493,4221592,82099,82099,82099,0,0,0
4221799,276,1,4019054,4019054,4221799,202745,202745,202051,694,2,0
4222635,230,1,4017894,4017894,4222635,204741,204741,203836,905,1,0
4223133,437,1,4194359,4194359,4223133,28774,28774,28774,0,0,0
4223221,292,1,4020254,4020254,4223221,202967,202967,202967,0,0,0
4223535,335,1,4088305,4088305,4223535,135230,135230,135230,0,0,0
4224598,457,1,4209090,4209090,4224598,15508,15508,15508,0,0,0
4225957,250,1,4018179,4018179,4225957,207778,207778,206730,1048,1,0
4229896,369,1,4133401,4133401,4229896,96495,96495,96495,0,0,0
4233093,373,1,4133419,4133419,4233093,99674,99674,99674,0,0,0
4234306,361,1,4133358,4133358,4234306,100948,100948,100948,0,0,0
4235072,425,1,4182592,4182592,4235072,52480,52480,52480,0,0,0
4236277,464,1,4209127,4209127,4236277,27150,27150,27150,0,0,0
4241163,454,1,4209081,4209081,4241163,32082,32082,32082,0,0,0
4243468,465,1,4209147,4209147,4243468,34321,34321,34321,0,0,0
4244027,472,1,4209226,4209226,4244027,34801,34801,34801,0,0,0
4247078,329,1,4088269,4088269,4247078,158809,158809,158809,0,0,0
4247689,388,1,4139429,4139429,4247689,108260,108260,108260,0,0,0
4247720,490,1,4245040,4245040,4247720,2680,2680,2680,0,0,0
4252135,414,1,4182473,4182473,4252135,69662,69662,69662,0,0,0
4253410,318,1,4051133,4051133,4253410,202277,202277,202277,0,0,0
4253772,422,1,4182564,4182564,4253772,71208,71208,71208,0,0,0
4254441,423,1,4182571,4182571,4254441,71870,71870,71870,0,0,0
4255929,446,1,4209065,4209065,4255929,46864,46864,46864,0,0,0
4263563,428,1,4182599,4182599,4263563,80964,80964,80964,0,0,0
4268286,489,4,4243941,4243941,4268286,24345,24345,24345,0,0,0
4271602,483,2,4211454,4211454,4271602,60148,60148,60148,0,0,0
4271811,500,1,4259800,4259800,4271811,12011,12011,12011,0,0,0
4276624,496,1,4255802,4255802,4276624,20822,20822,20822,0,0,0
4278010,90,1,3363924,3363924,4278010,914086,914086,892645,21441,10,0
4278598,362,1,4133365,4133365,4278598,145233,145233,145233,0,0,0
4279200,475,1,4209277,4209277,4279200,69923,69923,69923,0,0,0
4279235,455,1,4209087,4209087,4279235,70148,70148,70148,0,0,0
4280234,482,4,4211390,4211390,4280234,68844,68844,68844,0,0,0
4282256,442,1,4209049,4209049,4282256,73207,73207,73207,0,0,0
4282477,448,1,4209065,4209065,4282477,73412,73412,73412,0,0,0
4285254,453,1,4209080,4209080,4285254,76174,76174,76174,0,0,0
4285576,411,1,4182452,4182452,4285576,103124,103124,103124,0,0,0
4289066,374,1,4133427,4133427,4289066,155639,155639,155639,0,0,0
4291151,419,1,4182517,4182517,4291151,108634,108634,108634,0,0,0
4296154,466,1,4209164,4209164,4296154,86990,86990,86990,0,0,0
4296299,413,1,4182463,4182463,4296299,113836,113836,113836,0,0,0
4298953,82,1,3300739,3300739,4298953,998214,998214,946121,52093,6,0
4302110,432,1,4186030,4186030,4302110,116080,116080,116080,0,0,0
4302192,487,1,4235394,4235394,4302192,66798,66798,66798,0,0,0
4302865,330,1,4088274,4088274,4302865,214591,214591,214591,0,0,0
4302970,513,1,4300299,4300299,4302970,2671,2671,2671,0,0,0
4305312,441,1,4209045,4209045,4305312,96267,96267,96267,0,0,0
4307378,420,1,4182538,4182538,4307378,124840,124840,124840,0,0,0
4309987,324,1,4084051,4084051,4309987,225936,225936,225936,0,0,0
4311053,326,1,4088243,4088243,4311053,222810,222810,222810,0,0,0
4311924,474,1,4209249,4209249,4311924,102675,102675,102675,0,0,0
4313652,340,1,4088359,4088359,4313652,225293,225293,225293,0,0,0
4322456,560,1,4314332,4314332,4322456,8124,8124,4684,3440,15,0
4323294,711,1,4314897,4314897,4323294,8397,8397,4162,4235,17,0
4323340,551,1,4314297,4314297,4323340,9043,9043,4209,4834,15,0
4323407,756,1,4315031,4315031,4323407,8376,8376,4272,4104,5,0
4323440,697,1,4314838,4314838,4323440,8602,8602,4308,4294,14,0
4323809,692,1,4314823,4314823,4323809,8986,8986,4677,4309,15,0
4324985,532,1,4314203,4314203,4324985,10782,10782,5857,4925,16,0
4325156,713,1,4314905,4314905,4325156,10251,10251,4851,5400,16,0
4326454,671,1,4314763,4314763,4326454,11691,11691,6154,5537,14,0
4326620,556,1,4314315,4314315,4326620,12305,12305,6020,6285,16,0
4326630,552,1,4314300,4314300,4326630,12330,12330,6030,6300,16,0
4326650,715,1,4314910,4314910,4326650,11740,11740,6047,5693,15,0
4326809,613,1,4314544,4314544,4326809,12265,12265,6188,6077,16,0
4326884,749,1,4315011,4315011,4326884,11873,11873,6246,5627,10,0
4327082,561,1,4314332,4314332,4327082,12750,12750,6386,6364,18,0
4327116,725,1,4314944,4314944,4327116,12172,12172,6280,5892,17,0
4327529,741,1,4314987,4314987,4327529,12542,12542,6693,5849,11,0
4327567,656,1,4314726,4314726,4327567,12841,12841,6425,6416,19,0
4327869,775,1,4315106,4315106,4327869,12763,12763,6775,5988,4,0
4327916,603,1,4314504,4314504,4327916,13412,13412,6767,6645,20,0
4328873,636,1,4314647,4314647,4328873,14226,14226,7226,7000,22,0
4328916,708,1,4314890,4314890,4328916,14026,14026,7243,6783,21,0
4329082,759,1,4315044,4315044,4329082,14038,14038,7409,6629,9,0
4329407,736,1,4314977,4314977,4329407,14430,14430,7734,6696,16,0
4329433,757,1,4315036,4315036,4329433,14397,14397,7760,6637,11,0
4329714,724,1,4314944,4314944,4329714,14770,14770,8041,6729,20,0
4329756,755,1,4315028,4315028,4329756,14728,14728,8083,6645,11,0
4329757,569,1,4314369,4314369,4329757,15388,15388,8347,7041,21,0
4329975,716,1,4314915,4314915,4329975,15060,15060,8302,6758,22,0
4330591,568,1,4314365,4314365,4330591,16226,16226,8944,7282,21,0
4330609,695,1,4314832,4314832,4330609,15777,15777,7245,8532,21,0
4330788,669,1,4314761,4314761,4330788,16027,16027,7421,8606,18,0
4330823,672,1,4314768,4314768,4330823,16055,16055,7456,8599,19,0
4330923,524,1,4314151,4314151,4330923,16772,16772,7545,9227,5,0
4330931,622,1,4314583,4314583,4330931,16348,16348,7567,8781,21,0
4331081,617,1,4314565,4314565,4331081,16516,16516,7717,8799,20,0
4331124,685,1,4314805,4314805,4331124,16319,16319,7754,8565,20,0
4331438,660,1,4314732,4314732,4331438,16706,16706,8071,8635,20,0
4332127,582,1,4314430,4314430,4332127,17697,17697,8749,8948,21,0
4332200,583,1,4314438,4314438,4332200,17762,17762,8822,8940,21,0
4332356,597,1,4314488,4314488,4332356,17868,17868,8979,8889,19,0
4332866,620,1,4314573,4314573,4332866,18293,18293,9502,8791,23,0
4333291,525,1,4314189,4314189,4333291,19102,19102,9913,9189,21,0
4334048,638,1,4314654,4314654,4334048,19394,19394,10258,9136,24,0
4334355,777,1,4315114,4315114,4334355,19241,19241,10098,9143,11,0
4340072,703,1,4314859,4314859,4340072,25213,25213,13298,11915,25,0
4340085,702,1,4314853,4314853,4340085,25232,25232,13311,11921,23,0
4340115,782,1,4328519,4328519,4340115,11596,11596,11596,0,0,0
4344414,520,1,4309609,4309609,4344414,34805,34805,15572,19233,9,0
4350626,771,1,4315087,4315087,4350626,35539,35539,22066,13473,14,0
4352868,649,1,4314695,4314695,4352868,38173,38173,20801,17372,26,0
4353350,774,1,4315102,4315102,4353350,38248,38248,22548,15700,15,0
4353628,766,1,4315069,4315069,4353628,38559,38559,21843,16716,15,0
4353838,768,1,4315076,4315076,4353838,38762,38762,22053,16709,16,0
4355769,553,1,4314304,4314304,4355769,41465,41465,22164,19301,29,0
4357394,783,1,4328597,4328597,4357394,28797,28797,23809,4988,2,0
4358070,627,1,4314618,4314618,4358070,43452,43452,23167,20285,30,0
4360923,761,1,4315054,4315054,4360923,45869,45869,26749,19120,18,0
4362884,665,1,4314747,4314747,4362884,48137,48137,25410,22727,29,0
4364067,621,1,4314577,4314577,4364067,49490,49490,27203,22287,30,0
4372345,530,1,4314196,4314196,4372345,58149,58149,37438,20711,27,0
4374359,676,1,4314776,4314776,4374359,59583,59583,27423,32160,27,0
4378234,650,1,4314695,4314695,4378234,63539,63539,35335,28204,31,0
4380540,504,1,4267183,4267183,4380540,113357,113357,49761,63596,1,0
4392324,575,1,4314395,4314395,4392324,77929,77929,45797,32132,30,0
4395455,515,1,4304763,4304763,4395455,90692,90692,45936,44756,8,0
4396943,746,1,4314998,4314998,4396943,81945,81945,45131,36814,26,0
4408274,787,2,4383103,4383103,4408274,25171,25171,25171,0,0,0
4412008,587,1,4314450,4314450,4412008,97558,97558,62036,35522,27,0
4413074,643,1,4314677,4314677,4413074,98397,98397,58473,39924,30,0
4413179,647,1,4314690,4314690,4413179,98489,98489,58575,39914,31,0
4417866,701,1,4314847,4314847,4417866,103019,103019,64348,38671,31,0
4419084,614,1,4314551,4314551,4419084,104533,104533,62755,41778,30,0
4421131,577,1,4314409,4314409,4421131,106722,106722,54088,52634,32,0
4429488,726,1,4314945,4314945,4429488,114543,114543,63315,51228,33,0
4430742,674,1,4314770,4314770,4430742,115972,115972,63733,52239,29,0
4431421,615,1,4314552,4314552,4431421,116869,116869,65312,51557,31,0
4432575,794,1,4425438,4425438,4432575,7137,7137,7137,0,0,0
4433801,511,1,4298181,4298181,4433801,135620,135620,65853,69767,7,0
4438799,607,1,4314518,4314518,4438799,124281,124281,72624,51657,34,0
4439645,732,1,4314961,4314961,4439645,124684,124684,64279,60405,30,0
4439966,565,1,4314353,4314353,4439966,125613,125613,71167,54446,33,0
4440728,653,1,4314713,4314713,4440728,126015,126015,74102,51913,32,0
4442228,629,1,4314621,4314621,4442228,127607,127607,75036,52571,34,0
4443680,579,1,4314417,4314417,4443680,129263,129263,75054,54209,34,0
4445706,652,1,4314712,4314712,4445706,130994,130994,76128,54866,34,0
4447477,722,1,4314937,4314937,4447477,132540,132540,73777,58763,36,0
4448033,733,1,4314965,4314965,4448033,133068,133068,75533,57535,32,0
4449777,634,1,4314638,4314638,4449777,135139,135139,76074,59065,34,0
4452173,740,1,4314983,4314983,4452173,137190,137190,79030,58160,33,0
4454490,601,1,4314498,4314498,4454490,139992,139992,78469,61523,31,0
4457116,719,1,4314924,4314924,4457116,142192,142192,78932,63260,37,0
4463533,550,1,4314295,4314295,4463533,149238,149238,88478,60760,36,0
4468170,658,1,4314727,4314727,4468170,153443,153443,86290,67153,37,0
4468499,630,1,4314623,4314623,4468499,153876,153876,87024,66852,37,0
4472931,604,1,4314504,4314504,4472931,158427,158427,90703,67724,38,0
4473227,505,1,4268574,4268574,4473227,204653,204653,91702,112951,6,0
4480834,729,1,4314953,4314953,4480834,165881,165881,100794,65087,35,0
4483436,700,1,4314845,4314845,4483436,168591,168591,90411,78180,37,0
4483504,753,1,4315021,4315021,4483504,168483,168483,87136,81347,31,0
4483708,633,1,4314630,4314630,4483708,169078,169078,87845,81233,36,0
4484071,592,1,4314474,4314474,4484071,169597,169597,88140,81457,35,0
4484808,721,1,4314936,4314936,4484808,169872,169872,91358,78514,37,0
4485177,734,1,4314966,4314966,4485177,170211,170211,103135,67076,33,0
4497435,507,2,4279747,4279747,4497435,217688,217688,46723,170965,6,0
4499121,681,1,4314791,4314791,4499121,184330,184330,105456,78874,37,0
4501157,598,1,4314491,4314491,4501157,186666,186666,105316,81350,35,0
4506951,809,1,4504595,4504595,4506951,2356,2356,2356,0,0,0
4510909,810,8,4508079,4508079,4510909,2830,2830,2830,0,0,0
4512241,816,1,4508710,4508710,4512241,3531,3531,3531,0,0,0
4514568,449,1,4209073,4209073,4514568,305495,305495,113559,191936,1,0
4515239,709,1,4314891,4314891,4515239,200348,200348,123569,76779,34,0
4517001,495,1,4255467,4255467,4517001,261534,261534,121755,139779,9,0
4517906,793,1,4395350,4395350,4517906,122556,122556,120815,1741,1,0
4519165,698,1,4314839,4314839,4519165,204326,204326,122116,82210,40,0
4523454,737,1,4314977,4314977,4523454,208477,208477,126140,82337,34,0
4525725,780,1,4315126,4315126,4525725,210599,210599,123956,86643,26,0
4525964,790,1,4395331,4395331,4525964,130633,130633,124929,5704,2,0
4526676,826,1,4520712,4520712,4526676,5964,5964,5964,0,0,0
4526963,680,1,4314788,4314788,4526963,212175,212175,111707,100468,36,0
4528592,779,1,4315121,4315121,4528592,213471,213471,126823,86648,26,0
4532338,800,1,4461395,4461395,4532338,70943,70943,70943,0,0,0
4535321,605,1,4314512,4314512,4535321,220809,220809,112529,108280,40,0
4537471,529,1,4314195,4314195,4537471,223276,223276,119169,104107,39,0
4537842,478,1,4209317,4209317,4537842,328525,328525,120933,207592,2,0
4545294,456,1,4209090,4209090,4545294,336204,336204,129908,206296,3,0
4546178,735,1,4314975,4314975,4546178,231203,231203,128087,103116,36,0
4549541,417,1,4182511,4182511,4549541,367030,367030,135573,231457,1,0
4551590,541,1,4314267,4314267,4551590,237323,237323,111372,125951,38,0
4555402,752,1,4315020,4315020,4555402,240382,240382,128947,111435,32,0
4555917,812,1,4508377,4508377,4555917,47540,47540,47540,0,0,0
4556914,463,1,4209121,4209121,4556914,347793,347793,130179,217614,4,0
4565188,510,1,4298179,4298179,4565188,267009,267009,125000,142009,18,0
4571279,623,1,4314595,4314595,4571279,256684,256684,149840,106844,41,0
4571336,730,1,4314956,4314956,4571336,256380,256380,129354,127026,37,0
4573329,699,1,4314844,4314844,4573329,258485,258485,153828,104657,39,0
4576811,562,1,4314338,4314338,4576811,262473,262473,150207,112266,43,0
4579256,584,1,4314443,4314443,4579256,264813,264813,157170,107643,38,0
4581093,801,1,4461398,4461398,4581093,119695,119695,119695,0,0,0
4582741,837,1,4578769,4578769,4582741,3972,3972,3972,0,0,0
4582880,738,1,4314981,4314981,4582880,267899,267899,131596,136303,38,0
4583491,679,1,4314786,4314786,4583491,268705,268705,132148,136557,39,0
4588124,661,1,4314739,4314739,4588124,273385,273385,158186,115199,37,0
4589618,739,1,4314981,4314981,4589618,274637,274637,138334,136303,38,0
4589836,835,1,4569283,4569283,4589836,20553,20553,20553,0,0,0
4591811,675,1,4314775,4314775,4591811,277036,277036,140898,136138,36,0
4591890,818,1,4511196,4511196,4591890,80694,80694,80694,0,0,0
4595794,534,1,4314217,4314217,4595794,281577,281577,147869,133708,40,0
4597921,827,1,4521567,4521567,4597921,76354,76354,76354,0,0,0
4599765,595,1,4314482,4314482,4599765,285283,285283,161110,124173,41,0
4600901,581,1,4314422,4314422,4600901,286479,286479,164257,122222,37,0
4600925,467,1,4209176,4209176,4600925,391749,391749,172881,218868,5,0
4603055,644,1,4314682,4314682,4603055,288373,288373,161941,126432,39,0
4605646,659,1,4314732,4314732,4605646,290914,290914,162112,128802,42,0
4608772,693,1,4314830,4314830,4608772,293942,293942,157138,136804,39,0
4609895,797,1,4454262,4454262,4609895,155633,155633,155633,0,0,0
4614759,535,1,4314232,4314232,4614759,300527,300527,166566,133961,37,0
4616222,640,1,4314662,4314662,4616222,301560,301560,165002,136558,39,0
4618719,443,1,4209055,4209055,4618719,409664,409664,170336,239328,4,0
4619964,825,1,4517960,4517960,4619964,102004,102004,102004,0,0,0
4622938,531,1,4314201,4314201,4622938,308737,308737,175217,133520,40,0
4626516,838,1,4579784,4579784,4626516,46732,46732,46732,0,0,0
4628399,808,1,4503182,4503182,4628399,125217,125217,125217,0,0,0
4635199,514,1,4300393,4300393,4635199,334806,334806,187487,147319,15,0
4637007,557,1,4314317,4314317,4637007,322690,322690,149079,173611,40,0
4638869,807,1,4488294,4488294,4638869,150575,150575,143650,6925,1,0
4644855,574,1,4314389,4314389,4644855,330466,330466,188067,142399,42,0
4644874,847,1,4636483,4636483,4644874,8391,8391,8391,0,0,0
4655601,851,4,4643551,4643551,4655601,12050,12050,12050,0,0,0
4655889,796,1,4454261,4454261,4655889,201628,201628,169908,31720,1,0
4656007,855,4,4646757,4646757,4656007,9250,9250,9250,0,0,0
4659524,850,4,4643402,4643402,4659524,16122,16122,16122,0,0,0
4660552,861,1,4657013,4657013,4660552,3539,3539,3539,0,0,0
4660633,458,1,4209091,4209091,4660633,451542,451542,176757,274785,5,0
4665235,841,1,4590883,4590883,4665235,74352,74352,74352,0,0,0
4665935,852,8,4645002,4645002,4665935,20933,20933,20933,0,0,0
4666552,856,4,4649096,4649096,4666552,17456,17456,17456,0,0,0
4672317,570,1,4314376,4314376,4672317,357941,357941,182750,175191,40,0
4676747,599,1,4314492,4314492,4676747,362255,362255,186742,175513,36,0
4677524,840,1,4589377,4589377,4677524,88147,88147,88147,0,0,0
4679446,712,1,4314899,4314899,4679446,364547,364547,176250,188297,38,0
4683941,526,1,4314189,4314189,4683941,369752,369752,194929,174823,40,0
4686037,848,4,4639322,4639322,4686037,46715,46715,46715,0,0,0
4694707,868,1,4691594,4691594,4694707,3113,3113,3113,0,0,0
4696333,624,1,4314598,4314598,4696333,381735,381735,193134,188601,43,0
4699471,387,1,4139428,4139428,4699471,560043,560043,195112,364931,4,0
4701368,788,2,4383112,4383112,4701368,318256,318256,101965,216291,10,0
4710719,345,1,4088407,4088407,4710719,622312,622312,265121,357191,4,0
4711367,878,8,4709317,4709317,4711367,2050,2050,2050,0,0,0
4717046,871,1,4692283,4692283,4717046,24763,24763,24763,0,0,0
4720476,578,1,4314410,4314410,4720476,406066,406066,217489,188577,41,0
4725105,523,1,4311015,4311015,4725105,414090,414090,222744,191346,28,0
4725150,469,1,4209189,4209189,4725150,515961,515961,214950,301011,9,0
4736165,548,1,4314286,4314286,4736165,421879,421879,212155,209724,47,0
4736473,880,4,4729628,4729628,4736473,6845,6845,6845,0,0,0
4736607,875,1,4708278,4708278,4736607,28329,28329,28329,0,0,0
4741365,883,1,4734604,4734604,4741365,6761,6761,6761,0,0,0
4745117,872,1,4693992,4693992,4745117,51125,51125,51125,0,0,0
4748992,885,1,4746104,4746104,4748992,2888,2888,2888,0,0,0
4753108,887,1,4752518,4752518,4753108,590,590,590,0,0,0
4754180,834,1,4563718,4563718,4754180,190462,190462,190462,0,0,0
4763048,886,1,4751529,4751529,4763048,11519,11519,11519,0,0,0
4763323,862,1,4662575,4662575,4763323,100748,100748,100748,0,0,0
4763588,648,1,4314693,4314693,4763588,448895,448895,196384,252511,42,0
4766855,651,1,4314702,4314702,4766855,452153,452153,199631,252522,45,0
4767220,884,1,4745461,4745461,4767220,21759,21759,21759,0,0,0
4772436,890,1,4755157,4755157,4772436,17279,17279,17279,0,0,0
4773104,894,1,4756397,4756397,4773104,16707,16707,16707,0,0,0
4777575,593,1,4314479,4314479,4777575,463096,463096,274464,188632,43,0
4787198,874,1,4706953,4706953,4787198,80245,80245,80245,0,0,0
4787939,639,1,4314660,4314660,4787939,473279,473279,221801,251478,43,0
4793079,540,1,4314263,4314263,4793079,478816,478816,272068,206748,42,0
4795095,870,1,4691812,4691812,4795095,103283,103283,103283,0,0,0
4797622,602,1,4314500,4314500,4797622,483122,483122,271135,211987,43,0
4798455,691,1,4314822,4314822,4798455,483633,483633,214295,269338,46,0
4799389,686,1,4314807,4314807,4799389,484582,484582,214992,269590,42,0
4799653,718,1,4314922,4314922,4799653,484731,484731,205723,279008,45,0
4802134,891,1,4755775,4755775,4802134,46359,46359,46359,0,0,0
4803214,893,1,4756000,4756000,4803214,47214,47214,47214,0,0,0
4809116,903,1,4790166,4790166,4809116,18950,18950,18950,0,0,0
4811290,542,1,4314268,4314268,4811290,497022,497022,290198,206824,43,0
4815787,902,1,4780483,4780483,4815787,35304,35304,35304,0,0,0
4816838,905,4,4798656,4798656,4816838,18182,18182,18182,0,0,0
4818806,776,1,4315110,4315110,4818806,503696,503696,210745,292951,29,0
4820235,720,1,4314935,4314935,4820235,505300,505300,225711,279589,43,0
4823239,912,1,4822516,4822516,4823239,723,723,723,0,0,0
4823426,765,1,4315066,4315066,4823426,508360,508360,215365,292995,33,0
4823489,869,1,4691747,4691747,4823489,131742,131742,131742,0,0,0
4824185,911,1,4818146,4818146,4824185,6039,6039,6039,0,0,0
4829000,909,1,4814973,4814973,4829000,14027,14027,14027,0,0,0
4851496,866,1,4684483,4684483,4851496,167013,167013,167013,0,0,0
4851913,913,1,4822563,4822563,4851913,29350,29350,29350,0,0,0
4855127,853,1,4646681,4646681,4855127,208446,208446,208446,0,0,0
4861859,892,1,4755935,4755935,4861859,105924,105924,105924,0,0,0
4868200,928,1,4866914,4866914,4868200,1286,1286,1286,0,0,0
4868445,849,1,4642137,4642137,4868445,226308,226308,205003,21305,3,0
4869559,430,1,4182648,4182648,4869559,686911,686911,254421,432490,8,0
4869631,927,1,4866215,4866215,4869631,3416,3416,3416,0,0,0
4875835,910,1,4815904,4815904,4875835,59931,59931,59931,0,0,0
4876462,935,1,4874361,4874361,4876462,2101,2101,2101,0,0,0
4881995,889,1,4752819,4752819,4881995,129176,129176,129176,0,0,0
4882150,926,1,4865767,4865767,4882150,16383,16383,16383,0,0,0
4885236,723,1,4314938,4314938,4885236,570298,570298,206301,363997,43,0
4887058,567,1,4314359,4314359,4887058,572699,572699,236418,336281,44,0
4889655,452,1,4209077,4209077,4889655,680578,680578,273262,407316,9,0
4890247,459,1,4209097,4209097,4890247,681150,681150,273859,407291,10,0
4893196,932,1,4868931,4868931,4893196,24265,24265,24265,0,0,0
4901371,917,1,4849934,4849934,4901371,51437,51437,51437,0,0,0
4903832,571,1,4314380,4314380,4903832,589452,589452,251052,338400,45,0
4907965,403,1,4139580,4139580,4907965,768385,768385,294856,473529,6,0
4926780,931,1,4868572,4868572,4926780,58208,58208,58208,0,0,0
4929039,666,1,4314754,4314754,4929039,614285,614285,253995,360290,42,0
4939594,763,1,4315062,4315062,4939594,624532,624532,259713,364819,34,0
4940052,784,1,4338194,4338194,4940052,601858,601858,259477,342381,19,0
4943151,940,1,4925533,4925533,4943151,17618,17618,17618,0,0,0
4946381,925,1,4863513,4863513,4946381,82868,82868,82868,0,0,0
4947740,657,1,4314726,4314726,4947740,633014,633014,272409,360605,51,0
4952875,863,1,4673090,4673090,4952875,279785,279785,246486,33299,2,0
4958416,857,1,4650283,4650283,4958416,308133,308133,253110,55023,1,0
4958605,322,1,4063749,4063749,4958605,894856,894856,399332,495524,3,0
4961340,916,4,4831138,4831138,4961340,130202,130202,90992,39210,1,0
4962956,859,1,4651408,4651408,4962956,311548,311548,256767,54781,1,0
4964729,427,1,4182596,4182596,4964729,782133,782133,314960,467173,6,0
4971165,943,1,4969522,4969522,4971165,1643,1643,1643,0,0,0
4974001,854,8,4646710,4646710,4974001,327291,327291,68263,259028,7,0
4977436,938,1,4909736,4909736,4977436,67700,67700,67700,0,0,0
4979134,918,1,4851493,4851493,4979134,127641,127641,127641,0,0,0
4980966,858,1,4651301,4651301,4980966,329665,329665,274884,54781,1,0
4982820,933,1,4869792,4869792,4982820,113028,113028,113028,0,0,0
4989602,831,1,4542616,4542616,4989602,446986,446986,284438,162548,3,0
4995291,944,1,4990483,4990483,4995291,4808,4808,4808,0,0,0
5001827,537,1,4314249,4314249,5001827,687578,687578,329113,358465,47,0
5004113,539,1,4314262,4314262,5004113,689851,689851,331615,358236,45,0
5015158,888,1,4752522,4752522,5015158,262636,262636,262636,0,0,0
5029326,473,1,4209239,4209239,5029326,820087,820087,367589,452498,9,0
5029752,447,1,4209065,4209065,5029752,820687,820687,378117,442570,10,0
5045224,929,1,4867384,4867384,5045224,177840,177840,177840,0,0,0
5050174,655,1,4314718,4314718,5050174,735456,735456,375547,359909,48,0
5050406,936,1,4903686,4903686,5050406,146720,146720,146720,0,0,0
5058340,901,1,4770739,4770739,5058340,287601,287601,287243,358,1,0
5059595,956,1,5057645,5057645,5059595,1950,1950,1950,0,0,0
5060271,694,1,4314830,4314830,5060271,745441,745441,379260,366181,42,0
5066690,954,4,5050318,5050318,5066690,16372,16372,16372,0,0,0
5081405,951,1,5041650,5041650,5081405,39755,39755,39755,0,0,0
5082776,915,1,4830883,4830883,5082776,251893,251893,251893,0,0,0
5085569,959,1,5083890,5083890,5085569,1679,1679,1679,0,0,0
5089200,792,1,4395347,4395347,5089200,693853,693853,408275,285578,9,0
5091016,962,1,5083957,5083957,5091016,7059,7059,7059,0,0,0
5092573,961,1,5083953,5083953,5092573,8620,8620,8620,0,0,0
5097018,673,1,4314769,4314769,5097018,782249,782249,417736,364513,41,0
5099279,957,1,5083742,5083742,5099279,15537,15537,15537,0,0,0
5101250,960,1,5083891,5083891,5101250,17359,17359,17359,0,0,0
5105284,287,2,4020247,4020247,5105284,1085037,1085037,261164,823873,4,0
5108802,860,1,4655768,4655768,5108802,453034,453034,292931,160103,4,0
5121344,942,1,4941164,4941164,5121344,180180,180180,180180,0,0,0
5123058,600,1,4314496,4314496,5123058,808562,808562,352821,455741,42,0
5126771,949,1,5034611,5034611,5126771,92160,92160,92160,0,0,0
5131047,973,1,5128737,5128737,5131047,2310,2310,2310,0,0,0
5142181,965,1,5100883,5100883,5142181,41298,41298,41298,0,0,0
5148811,981,1,5142616,5142616,5148811,6195,6195,6195,0,0,0
5152850,982,1,5145883,5145883,5152850,6967,6967,6967,0,0,0
5171451,974,1,5136086,5136086,5171451,35365,35365,35365,0,0,0
5172805,964,1,5084184,5084184,5172805,88621,88621,88621,0,0,0
5178060,945,1,4991683,4991683,5178060,186377,186377,186377,0,0,0
5182858,683,1,4314798,4314798,5182858,868060,868060,390708,477352,42,0
5185066,978,1,5141426,5141426,5185066,43640,43640,43640,0,0,0
5186140,139,1,3543319,3543319,5186140,1642821,1642821,844304,798517,6,0
5187793,996,1,5173695,5173695,5187793,14098,14098,14098,0,0,0
5196346,262,1,4018241,4018241,5196346,1178105,1178105,426621,751484,6,0
5197710,966,4,5107793,5107793,5197710,89917,89917,89917,0,0,0
5200784,714,1,4314909,4314909,5200784,885875,885875,392102,493773,47,0
5217804,993,1,5161470,5161470,5217804,56334,56334,56334,0,0,0
5218056,830,1,4526222,4526222,5218056,691834,691834,403837,287997,1,0
5218907,997,1,5196564,5196564,5218907,22343,22343,22343,0,0,0
5229329,977,1,5141418,5141418,5229329,87911,87911,87911,0,0,0
5239307,668,1,4314754,4314754,5239307,924553,924553,564337,360216,40,0
5248866,1011,1,5239289,5239289,5248866,9577,9577,9577,0,0,0
5256312,618,1,4314572,4314572,5256312,941740,941740,577947,363793,48,0
5264452,1013,16,5257054,5257054,5264452,7398,7398,7398,0,0,0
5272228,1015,2,5271223,5271223,5272228,1005,1005,1005,0,0,0
5273444,1006,1,5218696,5218696,5273444,54748,54748,54748,0,0,0
5273610,828,1,4521597,4521597,5273610,752013,752013,459100,292913,4,0
5276152,968,1,5123683,5123683,5276152,152469,152469,152469,0,0,0
5289218,975,1,5139344,5139344,5289218,149874,149874,149874,0,0,0
5290529,983,1,5146483,5146483,5290529,144046,144046,144046,0,0,0
5295075,1026,1,5290422,5290422,5295075,4653,4653,4653,0,0,0
5300677,588,1,4314452,4314452,5300677,986225,986225,624593,361632,48,0
5303286,678,1,4314782,4314782,5303286,988504,988504,628567,359937,42,0
5304223,1022,1,5282405,5282405,5304223,21818,21818,21818,0,0,0
5305080,1031,1,5294015,5294015,5305080,11065,11065,11065,0,0,0
5306934,1014,1,5261978,5261978,5306934,44956,44956,44956,0,0,0
5306998,1017,1,5281166,5281166,5306998,25832,25832,25832,0,0,0
5310314,612,1,4314537,4314537,5310314,995777,995777,630214,365563,53,0
5310476,1034,1,5309876,5309876,5310476,600,600,600,0,0,0
5312208,1016,16,5273249,5273249,5312208,38959,38959,38959,0,0,0
5318657,1037,4,5316021,5316021,5318657,2636,2636,2636,0,0,0
5337037,1029,1,5293476,5293476,5337037,43561,43561,43561,0,0,0
5340890,999,1,5199253,5199253,5340890,141637,141637,141637,0,0,0
5343743,1044,1,5335559,5335559,5343743,8184,8184,8184,0,0,0
5345867,979,1,5142155,5142155,5345867,203712,203712,203712,0,0,0
5346892,990,1,5160798,5160798,5346892,186094,186094,186094,0,0,0
5348249,1035,1,5314645,5314645,5348249,33604,33604,33604,0,0,0
5355920,1053,1,5354616,5354616,5355920,1304,1304,1304,0,0,0
5356096,1039,4,5329087,5329087,5356096,27009,27009,27009,0,0,0
5365308,1048,2,5347752,5347752,5365308,17556,17556,17556,0,0,0
5370161,1065,1,5359415,5359415,5370161,10746,10746,10746,0,0,0
5375005,1001,1,5211159,5211159,5375005,163846,163846,163846,0,0,0
5376395,134,1,3523499,3523499,5376395,1852896,1852896,1035178,817718,15,0
5377788,1050,1,5352192,5352192,5377788,25596,25596,25596,0,0,0
5378354,1069,1,5377373,5377373,5378354,981,981,981,0,0,0
5378987,958,1,5083742,5083742,5378987,295245,295245,295245,0,0,0
5383431,1052,2,5353466,5353466,5383431,29965,29965,29965,0,0,0
5384326,963,1,5084180,5084180,5384326,300146,300146,300146,0,0,0
5388450,1040,4,5329090,5329090,5388450,59360,59360,59360,0,0,0
5395297,1024,1,5284119,5284119,5395297,111178,111178,111178,0,0,0
5401948,980,1,5142428,5142428,5401948,259520,259520,259520,0,0,0
5412054,1081,1,5411100,5411100,5412054,954,954,954,0,0,0
5414877,1051,1,5352268,5352268,5414877,62609,62609,62609,0,0,0
5418974,989,1,5158308,5158308,5418974,260666,260666,260666,0,0,0
5420420,1082,1,5412900,5412900,5420420,7520,7520,7520,0,0,0
5422504,1078,2,5401805,5401805,5422504,20699,20699,20699,0,0,0
5427843,1067,1,5371437,5371437,5427843,56406,56406,56406,0,0,0
5427965,972,1,5128737,5128737,5427965,299228,299228,299228,0,0,0
5433067,1066,1,5370300,5370300,5433067,62767,62767,62767,0,0,0
5435865,1083,1,5414699,5414699,5435865,21166,21166,21166,0,0,0
5436594,1079,2,5402273,5402273,5436594,34321,34321,34321,0,0,0
5437744,1089,1,5435100,5435100,5437744,2644,2644,2644,0,0,0
5440879,1091,1,5436018,5436018,5440879,4861,4861,4861,0,0,0
5441395,1077,1,5399594,5399594,5441395,41801,41801,41801,0,0,0
5442660,1086,1,5423944,5423944,5442660,18716,18716,18716,0,0,0
5446514,1068,1,5371437,5371437,5446514,75077,75077,75077,0,0,0
5449309,1028,1,5292361,5292361,5449309,156948,156948,156948,0,0,0
5452201,450,1,4209073,4209073,5452201,1243128,1243128,785615,457513,9,0
5454319,1036,1,5315841,5315841,5454319,138478,138478,138478,0,0,0
5454833,1033,1,5309100,5309100,5454833,145733,145733,145733,0,0,0
5457966,1097,1,5456536,5456536,5457966,1430,1430,1430,0,0,0
5458265,1087,1,5424039,5424039,5458265,34226,34226,34226,0,0,0
5463664,1098,1,5456700,5456700,5463664,6964,6964,6964,0,0,0
5468513,995,1,5173612,5173612,5468513,294901,294901,294901,0,0,0
5476418,1095,1,5436473,5436473,5476418,39945,39945,39945,0,0,0
5483420,743,1,4314990,4314990,5483420,1168430,1168430,837768,330662,46,0
5485991,1093,1,5436140,5436140,5485991,49851,49851,49851,0,0,0
5493551,1061,1,5355920,5355920,5493551,137631,137631,137631,0,0,0
5495412,1101,1,5483705,5483705,5495412,11707,11707,11707,0,0,0
5496483,1088,2,5427882,5427882,5496483,68601,68601,68601,0,0,0
5498341,1102,1,5486930,5486930,5498341,11411,11411,11411,0,0,0
5498509,1092,1,5436108,5436108,5498509,62401,62401,62401,0,0,0
5502081,1100,1,5479675,5479675,5502081,22406,22406,22406,0,0,0
5508170,491,1,4246604,4246604,5508170,1261566,1261566,430184,831382,16,0
5509474,527,1,4314190,4314190,5509474,1195284,1195284,431112,764172,42,0
5511286,1056,1,5354902,5354902,5511286,156384,156384,156384,0,0,0
5512729,744,1,4314996,4314996,5512729,1197733,1197733,837571,360162,43,0
5516264,1117,1,5515500,5515500,5516264,764,764,764,0,0,0
5520266,315,2,4045242,4045242,5520266,1475024,1475024,234479,1240545,1,0
5521529,1109,2,5500741,5500741,5521529,20788,20788,20788,0,0,0
5523071,654,1,4314713,4314713,5523071,1208358,1208358,848363,359995,45,0
5528278,1094,1,5436142,5436142,5528278,92136,92136,92136,0,0,0
5533672,1113,1,5508799,5508799,5533672,24873,24873,24873,0,0,0
5536642,1118,1,5526300,5526300,5536642,10342,10342,10342,0,0,0
5538976,705,1,4314874,4314874,5538976,1224102,1224102,720570,503532,51,0
5546728,1103,1,5490653,5490653,5546728,56075,56075,56075,0,0,0
5555046,1090,1,5435700,5435700,5555046,119346,119346,119346,0,0,0
5563647,1057,1,5354918,5354918,5563647,208729,208729,208729,0,0,0
5575840,308,1,4040508,4040508,5575840,1535332,1535332,654961,880371,14,0
5579125,1111,1,5507699,5507699,5579125,71426,71426,71426,0,0,0
5581123,1114,1,5509500,5509500,5581123,71623,71623,71623,0,0,0
5585365,1059,1,5355178,5355178,5585365,230187,230187,230187,0,0,0
5591971,1112,1,5508300,5508300,5591971,83671,83671,83671,0,0,0
5593542,789,1,4395306,4395306,5593542,1198236,1198236,771001,427235,13,0
5598990,1119,2,5527825,5527825,5598990,71165,71165,71165,0,0,0
5619683,444,1,4209058,4209058,5619683,1410625,1410625,957446,453179,11,0
5623354,502,1,4266280,4266280,5623354,1357074,1357074,544895,812179,19,0
5627924,576,1,4314403,4314403,5627924,1313521,1313521,549717,763804,51,0
5640827,1110,1,5501699,5501699,5640827,139128,139128,139128,0,0,0
5644019,1124,1,5630655,5630655,5644019,13364,13364,13364,0,0,0
5654863,764,1,4315062,4315062,5654863,1339801,1339801,461187,878614,36,0
5661980,770,1,4315087,4315087,5661980,1346893,1346893,461823,885070,32,0
5663173,591,1,4314473,4314473,5663173,1348700,1348700,545303,803397,47,0
5671034,1099,1,5461336,5461336,5671034,209698,209698,209698,0,0,0
5680505,1129,1,5675699,5675699,5680505,4806,4806,4806,0,0,0
5704517,1123,1,5609700,5609700,5704517,94817,94817,94817,0,0,0
5722368,817,1,4508742,4508742,5722368,1213626,1213626,473800,739826,5,0
5724092,1126,1,5640300,5640300,5724092,83792,83792,83792,0,0,0
5727734,488,1,4235423,4235423,5727734,1492311,1492311,649866,842445,15,0
5738919,1105,1,5496300,5496300,5738919,242619,242619,242619,0,0,0
5739358,1134,1,5730300,5730300,5739358,9058,9058,9058,0,0,0
5740656,1116,1,5511020,5511020,5740656,229636,229636,229636,0,0,0
5747398,1060,1,5355663,5355663,5747398,391735,391735,391735,0,0,0
5747726,1128,1,5668499,5668499,5747726,79227,79227,79227,0,0,0
5750413,412,1,4182459,4182459,5750413,1567954,1567954,678255,889699,6,0
5753576,1135,1,5737323,5737323,5753576,16253,16253,16253,0,0,0
5768538,710,1,4314892,4314892,5768538,1453646,1453646,612806,840840,42,0
5768876,645,1,4314683,4314683,5768876,1454193,1454193,640676,813517,41,0
5773487,1137,2,5738530,5738530,5773487,34957,34957,34957,0,0,0
5779270,984,1,5153688,5153688,5779270,625582,625582,625582,0,0,0
5787664,1147,1,5786700,5786700,5787664,964,964,964,0,0,0
5792538,1143,1,5784299,5784299,5792538,8239,8239,8239,0,0,0
5793980,747,1,4315003,4315003,5793980,1478977,1478977,974740,504237,43,0
5796901,1145,1,5785345,5785345,5796901,11556,11556,11556,0,0,0
5801015,1149,1,5798699,5798699,5801015,2316,2316,2316,0,0,0
5808106,1152,1,5807699,5807699,5808106,407,407,407,0,0,0
5812567,769,1,4315081,4315081,5812567,1497486,1497486,617896,879590,34,0
5813909,1153,1,5813100,5813100,5813909,809,809,809,0,0,0
5818560,1156,1,5817979,5817979,5818560,581,581,581,0,0,0
5821544,1138,1,5742300,5742300,5821544,79244,79244,79244,0,0,0
5822267,1136,2,5738521,5738521,5822267,83746,83746,83746,0,0,0
5822603,1158,1,5821312,5821312,5822603,1291,1291,1291,0,0,0
5824749,1155,1,5816382,5816382,5824749,8367,8367,8367,0,0,0
5825543,781,1,4326774,4326774,5825543,1498769,1498769,615841,882928,24,0
5825926,819,1,4511213,4511213,5825926,1314713,1314713,523143,791570,2,0
5829127,1159,1,5825203,5825203,5829127,3924,3924,3924,0,0,0
5836464,969,1,5128191,5128191,5836464,708273,708273,437376,270897,2,0
5860128,881,4,4731400,4731400,5860128,1128728,1128728,188853,939875,2,0
5864418,1132,1,5725500,5725500,5864418,138918,138918,138918,0,0,0
5867114,772,1,4315096,4315096,5867114,1552018,1552018,663065,888953,33,0
5870850,538,1,4314260,4314260,5870850,1556590,1556590,791442,765148,47,0
5874413,1163,1,5850632,5850632,5874413,23781,23781,23781,0,0,0
5884901,1151,1,5803500,5803500,5884901,81401,81401,81401,0,0,0
5893317,492,1,4247188,4247188,5893317,1646129,1646129,815592,830537,17,0
5898792,1166,1,5865142,5865142,5898792,33650,33650,33650,0,0,0
5907277,619,1,4314573,4314573,5907277,1592704,1592704,786888,805816,46,0
5916932,536,1,4314246,4314246,5916932,1602686,1602686,837197,765489,44,0
5917816,1020,1,5282375,5282375,5917816,635441,635441,635441,0,0,0
5922595,1150,2,5803291,5803291,5922595,119304,119304,119304,0,0,0
5924402,1064,1,5358792,5358792,5924402,565610,565610,433456,132154,1,0
5925360,594,1,4314481,4314481,5925360,1610879,1610879,845731,765148,46,0
5928620,1055,1,5354889,5354889,5928620,573731,573731,464191,109540,2,0
5935917,1148,1,5790474,5790474,5935917,145443,145443,145443,0,0,0
5940477,1168,1,5894341,5894341,5940477,46136,46136,46136,0,0,0
5954553,1140,1,5768099,5768099,5954553,186454,186454,186454,0,0,0
5964211,1172,1,5936100,5936100,5964211,28111,28111,28111,0,0,0
5970121,522,1,4310122,4310122,5970121,1659999,1659999,891559,768440,31,0
5979425,1175,1,5950921,5950921,5979425,28504,28504,28504,0,0,0
5982905,438,1,4194528,4194528,5982905,1788377,1788377,905182,883195,9,0
5986557,580,1,4314417,4314417,5986557,1672140,1672140,906937,765203,44,0
5987332,1182,4,5986322,5986322,5987332,1010,1010,1010,0,0,0
5988178,1146,1,5785500,5785500,5988178,202678,202678,202678,0,0,0
5988920,1180,1,5981700,5981700,5988920,7220,7220,7220,0,0,0
5991040,662,1,4314739,4314739,5991040,1676301,1676301,862314,813987,44,0
5994615,1176,1,5966284,5966284,5994615,28331,28331,28331,0,0,0
5996620,1183,2,5986840,5986840,5996620,9780,9780,9780,0,0,0
5997974,1096,1,5453713,5453713,5997974,544261,544261,446482,97779,1,0
6002265,1041,2,5329135,5329135,6002265,673130,673130,337319,335811,1,0
6004841,611,1,4314531,4314531,6004841,1690310,1690310,925083,765227,43,0
6005711,822,1,4515129,4515129,6005711,1490582,1490582,654838,835744,5,0
6007036,1181,1,5985395,5985395,6007036,21641,21641,21641,0,0,0
6007527,1185,1,5989677,5989677,6007527,17850,17850,17850,0,0,0
6020648,516,1,4307153,4307153,6020648,1713495,1713495,942346,771149,25,0
6028569,663,1,4314744,4314744,6028569,1713825,1713825,899823,814002,45,0
6034534,939,1,4912006,4912006,6034534,1122528,1122528,673202,449326,1,0
6038172,1032,1,5302733,5302733,6038172,735439,735439,617185,118254,1,0
6042089,1171,1,5934300,5934300,6042089,107789,107789,107789,0,0,0
6043201,1195,1,6022544,6022544,6043201,20657,20657,20657,0,0,0
6044709,1213,1,6040842,6040842,6044709,3867,3867,3867,0,0,0
6049035,1178,1,5974988,5974988,6049035,74047,74047,74047,0,0,0
6049611,1215,1,6048156,6048156,6049611,1455,1455,1455,0,0,0
6051763,1201,1,6026429,6026429,6051763,25334,25334,25334,0,0,0
6065347,1216,1,6048166,6048166,6065347,17181,17181,17181,0,0,0
6066972,1214,16,6043848,6043848,6066972,23124,23124,23124,0,0,0
6077827,1161,1,5834764,5834764,6077827,243063,243063,243063,0,0,0
6078111,1208,1,6031713,6031713,6078111,46398,46398,46398,0,0,0
6078622,1194,1,6011700,6011700,6078622,66922,66922,66922,0,0,0
6082253,1224,1,6081300,6081300,6082253,953,953,953,0,0,0
6087602,1193,1,6009981,6009981,6087602,77621,77621,77621,0,0,0
6087772,1218,1,6054001,6054001,6087772,33771,33771,33771,0,0,0
6089298,1179,1,5975838,5975838,6089298,113460,113460,113460,0,0,0
6089376,1188,1,5994870,5994870,6089376,94506,94506,94506,0,0,0
6093345,1199,1,6026427,6026427,6093345,66918,66918,66918,0,0,0
6098518,1205,1,6031693,6031693,6098518,66825,66825,66825,0,0,0
6098555,1206,1,6031694,6031694,6098555,66861,66861,66861,0,0,0
6103461,751,1,4315016,4315016,6103461,1788445,1788445,928813,859632,38,0
6112856,1212,1,6039345,6039345,6112856,73511,73511,73511,0,0,0
6114650,767,1,4315069,4315069,6114650,1799581,1799581,920995,878586,34,0
6118695,1189,1,6005095,6005095,6118695,113600,113600,113600,0,0,0
6120458,682,1,4314793,4314793,6120458,1805665,1805665,949703,855962,46,0
6122758,1227,1,6107100,6107100,6122758,15658,15658,15658,0,0,0
6131872,1225,1,6104099,6104099,6131872,27773,27773,27773,0,0,0
6137018,1248,1,6134699,6134699,6137018,2319,2319,2319,0,0,0
6139050,1233,1,6112774,6112774,6139050,26276,26276,26276,0,0,0
6144160,1246,16,6131429,6131429,6144160,12731,12731,12731,0,0,0
6145674,1164,1,5852879,5852879,6145674,292795,292795,292795,0,0,0
6145679,1244,1,6130202,6130202,6145679,15477,15477,15477,0,0,0
6145716,1191,1,6006937,6006937,6145716,138779,138779,138779,0,0,0
6148270,1220,4,6064011,6064011,6148270,84259,84259,84259,0,0,0
6152902,1196,1,6026366,6026366,6152902,126536,126536,126536,0,0,0
6159587,1046,1,5338452,5338452,6159587,821135,821135,821135,0,0,0
6160254,1247,1,6133499,6133499,6160254,26755,26755,26755,0,0,0
6161840,461,1,4209112,4209112,6161840,1952728,1952728,983183,969545,16,0
6164003,1197,1,6026426,6026426,6164003,137577,137577,137577,0,0,0
6167336,1200,1,6026428,6026428,6167336,140908,140908,140908,0,0,0
6170227,742,1,4314988,4314988,6170227,1855239,1855239,986776,868463,44,0
6170613,1249,1,6158699,6158699,6170613,11914,11914,11914,0,0,0
6173618,1255,1,6172413,6172413,6173618,1205,1205,1205,0,0,0
6180799,1250,1,6161477,6161477,6180799,19322,19322,19322,0,0,0
6183694,1256,1,6176700,6176700,6183694,6994,6994,6994,0,0,0
6184437,1237,1,6112906,6112906,6184437,71531,71531,71531,0,0,0
6187111,1259,1,6179700,6179700,6187111,7411,7411,7411,0,0,0
6188285,1274,1,6187500,6187500,6188285,785,785,785,0,0,0
6189013,1070,2,5383831,5383831,6189013,805182,805182,437013,368169,5,0
6189363,1261,1,6182700,6182700,6189363,6663,6663,6663,0,0,0
6190821,731,1,4314959,4314959,6190821,1875862,1875862,995109,880753,47,0
6193691,1187,1,5994194,5994194,6193691,199497,199497,199497,0,0,0
6204013,1284,1,6200100,6200100,6204013,3913,3913,3913,0,0,0
6204131,687,1,4314814,4314814,6204131,1889317,1889317,1009223,880094,54,0
6204918,1266,1,6186713,6186713,6204918,18205,18205,18205,0,0,0
6205456,1258,1,6179100,6179100,6205456,26356,26356,26356,0,0,0
6208564,1285,1,6201901,6201901,6208564,6663,6663,6663,0,0,0
6213169,1275,1,6197100,6197100,6213169,16069,16069,16069,0,0,0
6217684,1263,1,6186692,6186692,6217684,30992,30992,30992,0,0,0
6221719,1282,1,6197848,6197848,6221719,23871,23871,23871,0,0,0
6225307,626,1,4314616,4314616,6225307,1910691,1910691,1028046,882645,63,0
6236536,1252,1,6165899,6165899,6236536,70637,70637,70637,0,0,0
6237009,1290,1,6236099,6236099,6237009,910,910,910,0,0,0
6238765,1075,1,5388900,5388900,6238765,849865,849865,637173,212692,3,0
6239763,1272,1,6186727,6186727,6239763,53036,53036,53036,0,0,0
6241240,1276,1,6197841,6197841,6241240,43399,43399,43399,0,0,0
6242083,1289,1,6234298,6234298,6242083,7785,7785,7785,0,0,0
6244581,533,1,4314210,4314210,6244581,1930371,1930371,1040975,889396,55,0
6253786,1293,1,6252897,6252897,6253786,889,889,889,0,0,0
6255676,1294,1,6253497,6253497,6255676,2179,2179,2179,0,0,0
6270082,1292,1,6246297,6246297,6270082,23785,23785,23785,0,0,0
6272323,1257,1,6177300,6177300,6272323,95023,95023,95023,0,0,0
6272983,1287,1,6227098,6227098,6272983,45885,45885,45885,0,0,0
6282493,1291,1,6236699,6236699,6282493,45794,45794,45794,0,0,0
6283259,358,1,4129960,4129960,6283259,2153299,2153299,1067779,1085520,32,0
6290793,1264,1,6186693,6186693,6290793,104100,104100,104100,0,0,0
6294236,1273,1,6186727,6186727,6294236,107509,107509,107509,0,0,0
6295309,1288,1,6233098,6233098,6295309,62211,62211,62211,0,0,0
6309567,1298,1,6308700,6308700,6309567,867,867,867,0,0,0
6319317,970,1,5128221,5128221,6319317,1191096,1191096,888264,302832,9,0
6319806,1236,1,6112905,6112905,6319806,206901,206901,206901,0,0,0
6322217,1265,1,6186711,6186711,6322217,135506,135506,135506,0,0,0
6323198,1296,1,6293129,6293129,6323198,30069,30069,30069,0,0,0
6325920,1269,1,6186725,6186725,6325920,139195,139195,139195,0,0,0
6335367,1301,1,6328629,6328629,6335367,6738,6738,6738,0,0,0
6336236,992,1,5161222,5161222,6336236,1175014,1175014,902511,272503,7,0
6343109,1254,1,6171899,6171899,6343109,171210,171210,171210,0,0,0
6367979,1192,1,6009981,6009981,6367979,357998,357998,357998,0,0,0
6371802,1262,1,6186691,6186691,6371802,185111,185111,185111,0,0,0
6382004,904,4,4798653,4798653,6382004,1583351,1583351,193718,1389633,2,0
6385127,1207,1,6031695,6031695,6385127,353432,353432,353432,0,0,0
6386293,1260,1,6180900,6180900,6386293,205393,205393,205393,0,0,0
6397291,1311,1,6396339,6396339,6397291,952,952,952,0,0,0
6397425,1304,4,6374620,6374620,6397425,22805,22805,22805,0,0,0
6402794,1283,1,6197850,6197850,6402794,204944,204944,204944,0,0,0
6407869,1000,1,5205117,5205117,6407869,1202752,1202752,973366,229386,7,0
6416409,1327,1,6413264,6413264,6416409,3145,3145,3145,0,0,0
6418390,1331,1,6417900,6417900,6418390,490,490,490,0,0,0
6425153,1329,1,6416099,6416099,6425153,9054,9054,9054,0,0,0
6427423,1210,1,6032618,6032618,6427423,394805,394805,394805,0,0,0
6432980,1330,1,6417299,6417299,6432980,15681,15681,15681,0,0,0
6450177,1231,1,6112771,6112771,6450177,337406,337406,337406,0,0,0
6450547,1240,1,6112911,6112911,6450547,337636,337636,337636,0,0,0
6450715,1234,1,6112774,6112774,6450715,337941,337941,337941,0,0,0
6452244,1308,4,6394210,6394210,6452244,58034,58034,58034,0,0,0
6454694,1239,1,6112908,6112908,6454694,341786,341786,341786,0,0,0
6456260,1326,1,6412906,6412906,6456260,43354,43354,43354,0,0,0
6471252,1319,1,6404679,6404679,6471252,66573,66573,66573,0,0,0
6471354,1315,1,6404670,6404670,6471354,66684,66684,66684,0,0,0
6473339,512,1,4298723,4298723,6473339,2174616,2174616,1080435,1094181,34,0
6477826,1344,1,6475313,6475313,6477826,2513,2513,2513,0,0,0
6478138,1310,1,6395847,6395847,6478138,82291,82291,82291,0,0,0
6481463,1346,1,6475355,6475355,6481463,6108,6108,6108,0,0,0
6482717,1317,1,6404676,6404676,6482717,78041,78041,78041,0,0,0
6483307,1316,1,6404674,6404674,6483307,78633,78633,78633,0,0,0
6483570,1354,1,6481792,6481792,6483570,1778,1778,1778,0,0,0
6487626,1322,1,6404683,6404683,6487626,82943,82943,82943,0,0,0
6488554,1361,1,6486981,6486981,6488554,1573,1573,1573,0,0,0
6491441,1348,1,6475438,6475438,6491441,16003,16003,16003,0,0,0
6495873,1309,1,6394604,6394604,6495873,101269,101269,101006,263,1,0
6499425,1306,1,6391581,6391581,6499425,107844,107844,107581,263,1,0
6504649,1373,1,6503608,6503608,6504649,1041,1041,1041,0,0,0
6516902,1333,1,6419479,6419479,6516902,97423,97423,97408,15,1,0
6524501,1367,2,6488928,6488928,6524501,35573,35573,35573,0,0,0
6528969,1349,1,6475459,6475459,6528969,53510,53510,53510,0,0,0
6529800,1356,32,6484171,6484171,6529800,45629,45629,6216,39413,6,0
6533357,1204,1,6031691,6031691,6533357,501666,501666,473930,27736,4,0
6537127,1350,1,6475535,6475535,6537127,61592,61592,61592,0,0,0
6540354,1337,1,6461295,6461295,6540354,79059,79059,79059,0,0,0
6549372,1369,1,6493409,6493409,6549372,55963,55963,55963,0,0,0
6549624,1352,1,6475614,6475614,6549624,74010,74010,74010,0,0,0
6551774,1389,1,6548513,6548513,6551774,3261,3261,3261,0,0,0
6563359,1392,16,6560467,6560467,6563359,2892,2892,2892,0,0,0
6567963,1347,1,6475433,6475433,6567963,92530,92530,92530,0,0,0
6572931,1387,1,6547413,6547413,6572931,25518,25518,25518,0,0,0
6575147,1380,1,6513616,6513616,6575147,61531,61531,61531,0,0,0
6583663,1345,1,6475342,6475342,6583663,108321,108321,108321,0,0,0
6584795,1395,16,6566981,6566981,6584795,17814,17814,17814,0,0,0
6589492,1396,16,6569198,6569198,6589492,20294,20294,16876,3418,1,0
6596503,1364,1,6488479,6488479,6596503,108024,108024,108024,0,0,0
6599343,1342,1,6475304,6475304,6599343,124039,124039,124039,0,0,0
6600472,1379,1,6511436,6511436,6600472,89036,89036,89036,0,0,0
6601299,1402,1,6587647,6587647,6601299,13652,13652,13652,0,0,0
6609171,1391,16,6552444,6552444,6609171,56727,56727,29058,27669,4,0
6611948,1360,32,6486633,6486633,6611948,125315,125315,17038,108277,11,0
6612798,1339,1,6468900,6468900,6612798,143898,143898,143898,0,0,0
6619210,1297,4,6302534,6302534,6619210,316676,316676,228472,88204,10,0
6620698,1385,1,6536701,6536701,6620698,83997,83997,83997,0,0,0
6623685,1332,1,6419100,6419100,6623685,204585,204585,204558,27,1,0
6627061,1399,8,6580142,6580142,6627061,46919,46919,46919,0,0,0
6629790,1355,32,6484150,6484150,6629790,145640,145640,14702,130938,7,0
6642089,1384,1,6526500,6526500,6642089,115589,115589,115589,0,0,0
6651668,1413,1,6643784,6643784,6651668,7884,7884,7884,0,0,0
6672735,1412,16,6642632,6642632,6672735,30103,30103,21546,8557,2,0
6683048,1401,1,6584817,6584817,6683048,98231,98231,98231,0,0,0
6689710,1433,1,6689193,6689193,6689710,517,517,517,0,0,0
6692377,1432,1,6683164,6683164,6692377,9213,9213,9213,0,0,0
6695214,1351,1,6475586,6475586,6695214,219628,219628,219628,0,0,0
6701994,1417,4,6651399,6651399,6701994,50595,50595,50595,0,0,0
6709719,1425,1,6655998,6655998,6709719,53721,53721,53721,0,0,0
6714656,1438,1,6713726,6713726,6714656,930,930,930,0,0,0
6719011,1434,1,6690167,6690167,6719011,28844,28844,28844,0,0,0
6732192,1435,1,6694456,6694456,6732192,37736,37736,37736,0,0,0
6736466,1445,1,6734644,6734644,6736466,1822,1822,1822,0,0,0
6745932,1450,16,6745028,6745028,6745932,904,904,904,0,0,0
6754227,1455,4,6751701,6751701,6754227,2526,2526,2526,0,0,0
6777677,1457,1,6761058,6761058,6777677,16619,16619,16619,0,0,0
6779064,1446,1,6740728,6740728,6779064,38336,38336,38336,0,0,0
6789748,1458,4,6761270,6761270,6789748,28478,28478,28478,0,0,0
6802488,1456,1,6760700,6760700,6802488,41788,41788,41788,0,0,0
6822158,1141,1,5772521,5772521,6822158,1049637,1049637,648939,400698,6,0
6825173,1441,1,6724202,6724202,6825173,100971,100971,100971,0,0,0
6832152,1464,16,6827231,6827231,6832152,4921,4921,4921,0,0,0
6836549,1474,1,6835794,6835794,6836549,755,755,755,0,0,0
6846253,1475,1,6845572,6845572,6846253,681,681,681,0,0,0
6846515,1473,16,6835132,6835132,6846515,11383,11383,11383,0,0,0
6847223,1462,4,6820455,6820455,6847223,26768,26768,26768,0,0,0
6849818,1465,16,6827300,6827300,6849818,22518,22518,12270,10248,1,0
6851029,1411,1,6641335,6641335,6851029,209694,209694,193616,16078,1,0
6852388,1341,1,6475209,6475209,6852388,377179,377179,364901,12278,1,0
6854468,1477,16,6853369,6853369,6854468,1099,1099,1099,0,0,0
6869392,1447,1,6743809,6743809,6869392,125583,125583,125583,0,0,0
6892801,1481,4,6866389,6866389,6892801,26412,26412,26412,0,0,0
6911857,1405,1,6607473,6607473,6911857,304384,304384,299270,5114,2,0
6912948,1428,1,6671146,6671146,6912948,241802,241802,240253,1549,1,0
6913811,1482,4,6874492,6874492,6913811,39319,39319,39319,0,0,0
6922325,1488,16,6901740,6901740,6922325,20585,20585,20585,0,0,0
6925280,1491,1,6923156,6923156,6925280,2124,2124,2124,0,0,0
6929174,1483,1,6891628,6891628,6929174,37546,37546,37546,0,0,0
6942491,1490,1,6921726,6921726,6942491,20765,20765,20765,0,0,0
6945766,1501,1,6942289,6942289,6945766,3477,3477,3477,0,0,0
6950243,1495,1,6929614,6929614,6950243,20629,20629,20629,0,0,0
6956767,1508,1,6952126,6952126,6956767,4641,4641,4641,0,0,0
6958925,1512,1,6957976,6957976,6958925,949,949,949,0,0,0
6961643,1502,1,6944488,6944488,6961643,17155,17155,17155,0,0,0
6962955,1494,1,6924145,6924145,6962955,38810,38810,38810,0,0,0
6964790,1420,4,6652170,6652170,6964790,312620,312620,199712,112908,5,0
6966318,1497,1,6939058,6939058,6966318,27260,27260,27260,0,0,0
6968037,1419,4,6652148,6652148,6968037,315889,315889,203159,112730,5,0
6978503,1503,1,6947768,6947768,6978503,30735,30735,30735,0,0,0
6979847,1476,16,6853256,6853256,6979847,126591,126591,57483,69108,4,0
6984784,1424,4,6655053,6655053,6984784,329731,329731,218022,111709,2,0
6985700,1506,1,6951506,6951506,6985700,34194,34194,34194,0,0,0
6999651,1436,1,6696797,6696797,6999651,302854,302854,301305,1549,1,0
7003307,1513,1,6959829,6959829,7003307,43478,43478,43478,0,0,0
7004190,1505,1,6951303,6951303,7004190,52887,52887,52887,0,0,0
7010388,1523,1,7008773,7008773,7010388,1615,1615,1615,0,0,0
7012978,1500,1,6942056,6942056,7012978,70922,70922,70922,0,0,0
7021059,1526,16,7014069,7014069,7021059,6990,6990,6990,0,0,0
7023960,1524,1,7009146,7009146,7023960,14814,14814,14814,0,0,0
7025642,1522,1,7003379,7003379,7025642,22263,22263,22263,0,0,0
7027553,1514,1,6980006,6980006,7027553,47547,47547,47547,0,0,0
7028143,1496,1,6932862,6932862,7028143,95281,95281,95281,0,0,0
7057504,1122,1,5571343,5571343,7057504,1486161,1486161,928388,557773,21,0
7057567,1532,1,7021344,7021344,7057567,36223,36223,36223,0,0,0
7062003,1537,1,7026162,7026162,7062003,35841,35841,35841,0,0,0
7067255,1541,1,7038480,7038480,7067255,28775,28775,28775,0,0,0
7068505,1530,1,7016341,7016341,7068505,52164,52164,52164,0,0,0
7070444,1533,1,7023220,7023220,7070444,47224,47224,47224,0,0,0
7072056,1540,1,7034482,7034482,7072056,37574,37574,37574,0,0,0
7078021,1559,1,7077218,7077218,7078021,803,803,803,0,0,0
7080352,1131,1,5718596,5718596,7080352,1361756,1361756,806692,555064,11,0
7081530,1554,1,7070942,7070942,7081530,10588,10588,10588,0,0,0
7083365,1498,1,6939091,6939091,7083365,144274,144274,144274,0,0,0
7084681,1531,1,7018835,7018835,7084681,65846,65846,65846,0,0,0
7085851,1543,4,7041725,7041725,7085851,44126,44126,44126,0,0,0
7102477,1535,1,7025351,7025351,7102477,77126,77126,77126,0,0,0
7105217,1202,1,6026431,6026431,7105217,1078786,1078786,671192,407594,14,0
7111620,1573,4,7108202,7108202,7111620,3418,3418,3418,0,0,0
7112106,1574,1,7109690,7109690,7112106,2416,2416,2416,0,0,0
7117465,1558,1,7076967,7076967,7117465,40498,40498,40498,0,0,0
7119903,1544,4,7041744,7041744,7119903,78159,78159,76767,1392,2,0
7121132,1575,1,7118636,7118636,7121132,2496,2496,2496,0,0,0
7125795,1577,1,7124933,7124933,7125795,862,862,862,0,0,0
7127332,1578,1,7126590,7126590,7127332,742,742,742,0,0,0
7133725,1539,1,7034385,7034385,7133725,99340,99340,99340,0,0,0
7146112,1581,1,7132221,7132221,7146112,13891,13891,13891,0,0,0
7150495,1583,1,7146805,7146805,7150495,3690,3690,3690,0,0,0
7156020,1580,1,7131413,7131413,7156020,24607,24607,24607,0,0,0
7159083,1542,1,7040244,7040244,7159083,118839,118839,118839,0,0,0
7160218,1548,4,7067869,7067869,7160218,92349,92349,91178,1171,1,0
7164081,1579,1,7128371,7128371,7164081,35710,35710,35710,0,0,0
7167276,1613,1,7166474,7166474,7167276,802,802,802,0,0,0
7167627,1597,1,7163695,7163695,7167627,3932,3932,3932,0,0,0
7170678,1596,4,7163678,7163678,7170678,7000,7000,7000,0,0,0
7174870,1604,4,7164365,7164365,7174870,10505,10505,10505,0,0,0
7184150,1563,1,7089397,7089397,7184150,94753,94753,94753,0,0,0
7187011,1588,1,7152191,7152191,7187011,34820,34820,34820,0,0,0
7190120,1593,1,7158278,7158278,7190120,31842,31842,31842,0,0,0
7191548,1546,1,7066590,7066590,7191548,124958,124958,124958,0,0,0
7206545,1634,4,7199550,7199550,7206545,6995,6995,6995,0,0,0
7207378,1599,4,7164157,7164157,7207378,43221,43221,40821,2400,2,0
7208412,1635,4,7199652,7199652,7208412,8760,8760,8760,0,0,0
7216844,1589,1,7152192,7152192,7216844,64652,64652,64652,0,0,0
7221220,1633,4,7199545,7199545,7221220,21675,21675,21675,0,0,0
7224955,1631,4,7199534,7199534,7224955,25421,25421,25421,0,0,0
7228336,1648,1,7226877,7226877,7228336,1459,1459,1459,0,0,0
7228590,1649,1,7227728,7227728,7228590,862,862,862,0,0,0
7230709,1654,1,7229982,7229982,7230709,727,727,727,0,0,0
7235309,1586,1,7150428,7150428,7235309,84881,84881,84881,0,0,0
7238882,1623,1,7193229,7193229,7238882,45653,45653,45653,0,0,0
7242079,1655,1,7236030,7236030,7242079,6049,6049,6049,0,0,0
7245731,1637,1,7200604,7200604,7245731,45127,45127,45127,0,0,0
7246932,1667,4,7242686,7242686,7246932,4246,4246,4246,0,0,0
7250780,1666,4,7242682,7242682,7250780,8098,8098,8098,0,0,0
7256069,1665,4,7242630,7242630,7256069,13439,13439,13439,0,0,0
7259082,1639,1,7207049,7207049,7259082,52033,52033,52033,0,0,0
7264900,1676,4,7256729,7256729,7264900,8171,8171,8171,0,0,0
7270574,1620,1,7188891,7188891,7270574,81683,81683,81683,0,0,0
7272912,1592,1,7158277,7158277,7272912,114635,114635,114635,0,0,0
7273112,1650,1,7227731,7227731,7273112,45381,45381,45381,0,0,0
7274072,1678,1,7263059,7263059,7274072,11013,11013,11013,0,0,0
7274960,1682,1,7271898,7271898,7274960,3062,3062,3062,0,0,0
7279948,1617,4,7177150,7177150,7279948,102798,102798,54310,48488,1,0
7283684,1668,4,7242694,7242694,7283684,40990,40990,40990,0,0,0
7284913,1614,1,7167954,7167954,7284913,116959,116959,116959,0,0,0
7290050,1685,1,7278443,7278443,7290050,11607,11607,11607,0,0,0
7297724,1652,1,7228124,7228124,7297724,69600,69600,69600,0,0,0
7298000,1661,1,7241368,7241368,7298000,56632,56632,56632,0,0,0
7305335,1636,1,7200185,7200185,7305335,105150,105150,105150,0,0,0
7305985,1646,1,7218384,7218384,7305985,87601,87601,87601,0,0,0
7308835,1687,1,7280340,7280340,7308835,28495,28495,28495,0,0,0
7310640,1691,1,7285888,7285888,7310640,24752,24752,24752,0,0,0
7316419,1642,1,7212989,7212989,7316419,103430,103430,103430,0,0,0
7329864,1662,1,7241641,7241641,7329864,88223,88223,88223,0,0,0
7330871,1686,1,7278923,7278923,7330871,51948,51948,51948,0,0,0
7334518,1647,1,7226876,7226876,7334518,107642,107642,107642,0,0,0
7336487,1560,1,7087555,7087555,7336487,248932,248932,247099,1833,1,0
7342767,1696,1,7341941,7341941,7342767,826,826,826,0,0,0
7349053,1587,16,7151989,7151989,7349053,197064,197064,28302,168762,1,0
7353428,1695,4,7327123,7327123,7353428,26305,26305,26305,0,0,0
7359594,1700,1,7358071,7358071,7359594,1523,1523,1523,0,0,0
7362296,1621,1,7190394,7190394,7362296,171902,171902,171902,0,0,0
7368734,1706,4,7361732,7361732,7368734,7002,7002,7002,0,0,0
7370949,1715,4,7361844,7361844,7370949,9105,9105,9105,0,0,0
7377726,1708,4,7361781,7361781,7377726,15945,15945,15945,0,0,0
7377753,1710,4,7361798,7361798,7377753,15955,15955,15955,0,0,0
7382394,1721,1,7380949,7380949,7382394,1445,1445,1445,0,0,0
7382526,1698,1,7344846,7344846,7382526,37680,37680,37680,0,0,0
7383720,1722,1,7380952,7380952,7383720,2768,2768,2768,0,0,0
7385390,1719,1,7380942,7380942,7385390,4448,4448,4448,0,0,0
7391132,1726,1,7380970,7380970,7391132,10162,10162,10162,0,0,0
7395513,1725,1,7380957,7380957,7395513,14556,14556,14556,0,0,0
7397500,1651,1,7228091,7228091,7397500,169409,169409,169409,0,0,0
7407819,1727,4,7404904,7404904,7407819,2915,2915,2915,0,0,0
7408863,1720,1,7380943,7380943,7408863,27920,27920,27920,0,0,0
7411834,1536,1,7025503,7025503,7411834,386331,386331,367289,19042,8,0
7420503,1733,4,7412227,7412227,7420503,8276,8276,8276,0,0,0
7427577,1740,4,7412263,7412263,7427577,15314,15314,15314,0,0,0
7433863,1692,1,7289160,7289160,7433863,144703,144703,144703,0,0,0
7434695,1624,1,7193292,7193292,7434695,241403,241403,221889,19514,1,0
7445588,1638,1,7200611,7200611,7445588,244977,244977,235586,9391,1,0
7453773,1742,4,7412271,7412271,7453773,41502,41502,41502,0,0,0
7454123,1743,4,7412541,7412541,7454123,41582,41582,41582,0,0,0
7456821,1723,1,7380953,7380953,7456821,75868,75868,75868,0,0,0
7464206,1728,4,7408406,7408406,7464206,55800,55800,55800,0,0,0
7468628,1711,4,7361808,7361808,7468628,106820,106820,65274,41546,1,0
7483948,1731,4,7412217,7412217,7483948,71731,71731,71731,0,0,0
7483948,1732,4,7412222,7412222,7483948,71726,71726,71726,0,0,0
7492333,1744,4,7412649,7412649,7492333,79684,79684,79684,0,0,0
7493653,1739,4,7412258,7412258,7493653,81395,81395,80013,1382,1,0
7495173,1745,1,7486500,7486500,7495173,8673,8673,8673,0,0,0
7495915,1746,1,7487882,7487882,7495915,8033,8033,8033,0,0,0
7501155,1741,4,7412263,7412263,7501155,88892,88892,83059,5833,1,0
7504833,1714,4,7361833,7361833,7504833,143000,143000,91011,51989,1,0
7507189,1724,1,7380957,7380957,7507189,126232,126232,126232,0,0,0
7513055,1718,4,7361868,7361868,7513055,151187,151187,79495,71692,1,0
7514571,1747,1,7501502,7501502,7514571,13069,13069,13069,0,0,0
7549873,1764,4,7548156,7548156,7549873,1717,1717,1717,0,0,0
7556451,1775,4,7548285,7548285,7556451,8166,8166,8166,0,0,0
7556852,1755,4,7548073,7548073,7556852,8779,8779,8779,0,0,0
7566755,1763,4,7548148,7548148,7566755,18607,18607,18607,0,0,0
7569959,1689,1,7284358,7284358,7569959,285601,285601,285601,0,0,0
7577879,1735,4,7412237,7412237,7577879,165642,165642,144731,20911,2,0
7579712,1643,1,7213545,7213545,7579712,366167,366167,360967,5200,1,0
7589261,1776,4,7548302,7548302,7589261,40959,40959,40959,0,0,0
7589488,1756,4,7548079,7548079,7589488,41409,41409,41409,0,0,0
7590183,1765,4,7548166,7548166,7590183,42017,42017,42017,0,0,0
7597751,1779,1,7583745,7583745,7597751,14006,14006,14006,0,0,0
7600937,1767,4,7548188,7548188,7600937,52749,52749,52749,0,0,0
7601280,1758,4,7548096,7548096,7601280,53184,53184,53184,0,0,0
7602989,1762,4,7548139,7548139,7602989,54850,54850,54850,0,0,0
7621865,1802,1,7620384,7620384,7621865,1481,1481,1481,0,0,0
7623318,1803,1,7622898,7622898,7623318,420,420,420,0,0,0
7624914,1791,4,7602120,7602120,7624914,22794,22794,22794,0,0,0
7639211,1594,1,7161916,7161916,7639211,477295,477295,416584,60711,2,0
7640969,1793,4,7602135,7602135,7640969,38834,38834,38834,0,0,0
7656354,1750,1,7534291,7534291,7656354,122063,122063,122063,0,0,0
7675076,1133,1,5726700,5726700,7675076,1948376,1948376,954836,993540,31,0
7684751,1806,1,7629247,7629247,7684751,55504,55504,55504,0,0,0
7698635,1679,1,7263092,7263092,7698635,435543,435543,423575,11968,2,0
7698661,1681,1,7269721,7269721,7698661,428940,428940,416972,11968,2,0
7714180,1800,1,7615193,7615193,7714180,98987,98987,98987,0,0,0
7724167,1818,1,7721250,7721250,7724167,2917,2917,2917,0,0,0
7731209,1819,1,7723896,7723896,7731209,7313,7313,7313,0,0,0
7737077,1820,1,7724664,7724664,7737077,12413,12413,12413,0,0,0
7739626,1821,4,7738531,7738531,7739626,1095,1095,1095,0,0,0
7749645,1822,4,7740026,7740026,7749645,9619,9619,9619,0,0,0
7763388,1810,1,7680300,7680300,7763388,83088,83088,83088,0,0,0
7793169,1828,1,7788760,7788760,7793169,4409,4409,4409,0,0,0
7794577,1829,1,7792900,7792900,7794577,1677,1677,1677,0,0,0
7796029,1466,16,6827677,6827677,7796029,968352,968352,42118,926234,9,0
7798445,1805,1,7624526,7624526,7798445,173919,173919,173919,0,0,0
7799312,1824,1,7785737,7785737,7799312,13575,13575,13575,0,0,0
7802144,1831,1,7799504,7799504,7802144,2640,2640,2640,0,0,0
7803495,1778,1,7583528,7583528,7803495,219967,219967,219967,0,0,0
7824522,1830,1,7794230,7794230,7824522,30292,30292,30292,0,0,0
7836529,1834,1,7810964,7810964,7836529,25565,25565,25565,0,0,0
7837635,1773,4,7548254,7548254,7837635,289381,289381,244601,44780,4,0
7843940,1841,4,7830653,7830653,7843940,13287,13287,13287,0,0,0
7873866,1811,4,7688889,7688889,7873866,184977,184977,184977,0,0,0
7876087,1814,1,7707261,7707261,7876087,168826,168826,168826,0,0,0
7877560,1838,1,7817726,7817726,7877560,59834,59834,59834,0,0,0
7891367,1847,1,7889071,7889071,7891367,2296,2296,2296,0,0,0
7891499,1844,1,7847760,7847760,7891499,43739,43739,43739,0,0,0
7892348,1846,1,7884025,7884025,7892348,8323,8323,8323,0,0,0
7906969,1848,1,7893787,7893787,7906969,13182,13182,13182,0,0,0
7907662,1703,4,7361708,7361708,7907662,545954,545954,139587,406367,2,0
7910797,1782,1,7583808,7583808,7910797,326989,326989,326989,0,0,0
7913458,1849,1,7899952,7899952,7913458,13506,13506,13506,0,0,0
7913800,1603,4,7164314,7164314,7913800,749486,749486,182001,567485,9,0
7914080,1845,1,7879674,7879674,7914080,34406,34406,34406,0,0,0
7914770,1843,1,7840250,7840250,7914770,74520,74520,74520,0,0,0
7931545,1807,1,7632619,7632619,7931545,298926,298926,298926,0,0,0
7933173,1660,4,7237524,7237524,7933173,695649,695649,172968,522681,6,0
7938178,1852,1,7925434,7925434,7938178,12744,12744,12744,0,0,0
7943036,1854,1,7927716,7927716,7943036,15320,15320,15320,0,0,0
7949829,1855,1,7927716,7927716,7949829,22113,22113,22113,0,0,0
7953783,1850,4,7912420,7912420,7953783,41363,41363,41363,0,0,0
7954052,1853,1,7927603,7927603,7954052,26449,26449,26449,0,0,0
7954690,1736,4,7412242,7412242,7954690,542448,542448,253909,288539,11,0
7955852,1120,1,5536613,5536613,7955852,2419239,2419239,1021750,1397489,41,0
7962063,1010,4,5238851,5238851,7962063,2723212,2723212,262493,2460719,14,0
7966882,1203,1,6031689,6031689,7966882,1935193,1935193,1032195,902998,51,0
7976513,1653,1,7229978,7229978,7976513,746535,746535,605984,140551,2,0
7976711,1705,4,7361723,7361723,7976711,614988,614988,254482,360506,12,0
7983067,1468,16,6833668,6833668,7983067,1149399,1149399,70705,1078694,11,0
7990039,1842,4,7835586,7835586,7990039,154453,154453,154453,0,0,0
7999033,1628,4,7199516,7199516,7999033,799517,799517,244550,554967,10,0
8005028,1832,1,7799902,7799902,8005028,205126,205126,205126,0,0,0
8006426,1835,1,7815825,7815825,8006426,190601,190601,190601,0,0,0
8030564,1813,1,7704038,7704038,8030564,326526,326526,326526,0,0,0
8055372,1812,1,7703422,7703422,8055372,351950,351950,351950,0,0,0
8077926,1840,1,7819604,7819604,8077926,258322,258322,258322,0,0,0
8094677,1571,16,7107735,7107735,8094677,986942,986942,68565,918377,11,0
8130784,1371,1,6499356,6499356,8130784,1631428,1631428,453289,1178139,2,0
8140571,1859,4,8138160,8138160,8140571,2411,2411,2411,0,0,0
8158991,1370,1,6494598,6494598,8158991,1664393,1664393,481490,1182903,4,0
8162467,1865,1,8153789,8153789,8162467,8678,8678,8678,0,0,0
8164160,1869,1,8163314,8163314,8164160,846,846,846,0,0,0
8177157,1562,1,7089396,7089396,8177157,1087761,1087761,807854,279907,9,0
8179620,1862,1,8146348,8146348,8179620,33272,33272,33272,0,0,0
8186212,1868,1,8158653,8158653,8186212,27559,27559,27559,0,0,0
8188424,1878,1,8180253,8180253,8188424,8171,8171,8171,0,0,0
8190782,1880,4,8185961,8185961,8190782,4821,4821,4821,0,0,0
8197188,1407,1,6624844,6624844,8197188,1572344,1572344,510094,1062250,5,0
8199679,1871,1,8166632,8166632,8199679,33047,33047,33047,0,0,0
8200584,1879,1,8183693,8183693,8200584,16891,16891,16891,0,0,0
8221113,1883,1,8205005,8205005,8221113,16108,16108,16108,0,0,0
8225781,1891,1,8222972,8222972,8225781,2809,2809,2809,0,0,0
8226219,1870,1,8164005,8164005,8226219,62214,62214,62214,0,0,0
8231564,1894,1,8225354,8225354,8231564,6210,6210,6210,0,0,0
8236140,1549,4,7068007,7068007,8236140,1168133,1168133,178627,989506,8,0
8241076,1874,4,8170275,8170275,8241076,70801,70801,70801,0,0,0
8241581,1857,1,8134901,8134901,8241581,106680,106680,106680,0,0,0
8250163,1873,4,8169036,8169036,8250163,81127,81127,81127,0,0,0
8250190,1896,1,8227179,8227179,8250190,23011,23011,23011,0,0,0
8254781,1460,4,6768413,6768413,8254781,1486368,1486368,211460,1274908,7,0
8263368,1867,1,8158463,8158463,8263368,104905,104905,104905,0,0,0
8264543,1903,1,8239509,8239509,8264543,25034,25034,25034,0,0,0
8266741,1900,1,8235369,8235369,8266741,31372,31372,31372,0,0,0
8271673,1280,1,6197847,6197847,8271673,2073826,2073826,593041,1480785,8,0
8278531,1343,1,6475308,6475308,8278531,1803223,1803223,598887,1204336,6,0
8282355,1899,1,8234226,8234226,8282355,48129,48129,48129,0,0,0
8300048,1908,1,8248464,8248464,8300048,51584,51584,51584,0,0,0
8302299,1898,1,8231907,8231907,8302299,70392,70392,70392,0,0,0
8315107,1534,1,7023742,7023742,8315107,1291365,1291365,588283,703082,15,0
8337786,1312,2,6401065,6401065,8337786,1936721,1936721,443320,1493401,8,0
8342420,1917,1,8299345,8299345,8342420,43075,43075,43075,0,0,0
8348920,1893,1,8225257,8225257,8348920,123663,123663,123663,0,0,0
8352493,1904,8,8244428,8244428,8352493,108065,108065,108065,0,0,0
8357999,1931,1,8346646,8346646,8357999,11353,11353,11353,0,0,0
8360343,1221,1,6075938,6075938,8360343,2284405,2284405,686786,1597619,7,0
8365070,1919,1,8299347,8299347,8365070,65723,65723,65723,0,0,0
8381757,1895,1,8226339,8226339,8381757,155418,155418,155418,0,0,0
8385537,1933,1,8351230,8351230,8385537,34307,34307,34307,0,0,0
8392598,1922,1,8307150,8307150,8392598,85448,85448,85448,0,0,0
8396091,1888,1,8222482,8222482,8396091,173609,173609,173609,0,0,0
8398850,1906,1,8247388,8247388,8398850,151462,151462,151462,0,0,0
8401357,1892,1,8224103,8224103,8401357,177254,177254,177254,0,0,0
8402127,1939,1,8400784,8400784,8402127,1343,1343,1343,0,0,0
8405998,1938,1,8398072,8398072,8405998,7926,7926,7926,0,0,0
8410037,1376,1,6505749,6505749,8410037,1904288,1904288,730160,1174128,4,0
8411965,1584,1,7146805,7146805,8411965,1265160,1265160,680245,584915,4,0
8412726,1780,1,7583797,7583797,8412726,828929,828929,828929,0,0,0
8415855,1942,1,8401789,8401789,8415855,14066,14066,14066,0,0,0
8416488,1944,1,8404876,8404876,8416488,11612,11612,11612,0,0,0
8417949,1949,1,8408831,8408831,8417949,9118,9118,9118,0,0,0
8420857,1948,1,8408714,8408714,8420857,12143,12143,12143,0,0,0
8423777,1951,1,8412091,8412091,8423777,11686,11686,11686,0,0,0
8430116,1912,1,8268986,8268986,8430116,161130,161130,161130,0,0,0
8432921,1585,1,7150427,7150427,8432921,1282494,1282494,701032,581462,4,0
8439489,1962,1,8438305,8438305,8439489,1184,1184,1184,0,0,0
8441454,1963,1,8439657,8439657,8441454,1797,1797,1797,0,0,0
8442115,1400,1,6583369,6583369,8442115,1858746,1858746,735868,1122878,6,0
8457819,1927,1,8319626,8319626,8457819,138193,138193,138193,0,0,0
8458430,1943,1,8404875,8404875,8458430,53555,53555,53555,0,0,0
8463406,1925,1,8316458,8316458,8463406,146948,146948,146948,0,0,0
8467546,1940,4,8401713,8401713,8467546,65833,65833,65833,0,0,0
8468835,1950,1,8412070,8412070,8468835,56765,56765,56765,0,0,0
8474200,1965,1,8446805,8446805,8474200,27395,27395,27395,0,0,0
8476960,1926,1,8319023,8319023,8476960,157937,157937,157937,0,0,0
8482818,1909,1,8248607,8248607,8482818,234211,234211,234211,0,0,0
8483964,1969,1,8478443,8478443,8483964,5521,5521,5521,0,0,0
8483973,1970,4,8482104,8482104,8483973,1869,1869,1869,0,0,0
8490972,1967,4,8464368,8464368,8490972,26604,26604,26604,0,0,0
8508251,1966,4,8464353,8464353,8508251,43898,43898,43898,0,0,0
8514288,1916,1,8299344,8299344,8514288,214944,214944,214944,0,0,0
8536820,1902,1,8237590,8237590,8536820,299230,299230,299230,0,0,0
8543961,1937,1,8394805,8394805,8543961,149156,149156,149156,0,0,0
8547040,1801,1,7619345,7619345,8547040,927695,927695,924554,3141,3,0
8550298,1406,1,6624802,6624802,8550298,1925496,1925496,840002,1085494,6,0
8570259,1856,1,8092507,8092507,8570259,477752,477752,442706,35046,1,0
8572376,1955,1,8418122,8418122,8572376,154254,154254,154254,0,0,0
8587339,1622,1,7193166,7193166,8587339,1394173,1394173,853506,540667,5,0
8592506,1959,1,8423419,8423419,8592506,169087,169087,169087,0,0,0
8596703,1518,1,6985693,6985693,8596703,1611010,1611010,879818,731192,14,0
8602383,1861,1,8145871,8145871,8602383,456512,456512,456512,0,0,0
8605432,1977,1,8563694,8563694,8605432,41738,41738,41738,0,0,0
8609660,1954,1,8417910,8417910,8609660,191750,191750,191750,0,0,0
8610177,1981,1,8581374,8581374,8610177,28803,28803,28803,0,0,0
8610860,1978,1,8563756,8563756,8610860,47104,47104,47104,0,0,0
8624398,1245,1,6130580,6130580,8624398,2493818,2493818,946666,1547152,8,0
8629721,1941,1,8401786,8401786,8629721,227935,227935,227935,0,0,0
8632152,1885,1,8217447,8217447,8632152,414705,414705,414705,0,0,0
8641104,1611,4,7164707,7164707,8641104,1476397,1476397,140372,1336025,8,0
8648267,1952,1,8413183,8413183,8648267,235084,235084,235084,0,0,0
8656162,1627,4,7199466,7199466,8656162,1456696,1456696,119782,1336914,12,0
8666414,1947,1,8408161,8408161,8666414,258253,258253,258253,0,0,0
8676687,1837,1,7816086,7816086,8676687,860601,860601,734484,126117,1,0
8712651,1979,1,8578264,8578264,8712651,134387,134387,134387,0,0,0
8715696,1629,4,7199523,7199523,8715696,1516173,1516173,179643,1336530,4,0
8732901,1932,1,8351230,8351230,8732901,381671,381671,381671,0,0,0
8753639,1673,4,7256652,7256652,8753639,1496987,1496987,181702,1315285,5,0
8755861,1381,1,6513637,6513637,8755861,2242224,2242224,1070254,1171970,6,0
8756326,1992,1,8753510,8753510,8756326,2816,2816,2816,0,0,0
8757554,1658,4,7236762,7236762,8757554,1520792,1520792,185983,1334809,2,0
8757715,1669,1,7243199,7243199,8757715,1514516,1514516,989043,525473,7,0
8779096,1675,4,7256707,7256707,8779096,1522389,1522389,144751,1377638,4,0
8792063,1957,1,8422374,8422374,8792063,369689,369689,369689,0,0,0
8792101,1674,4,7256689,7256689,8792101,1535412,1535412,181427,1353985,4,0
8794070,1786,4,7602101,7602101,8794070,1191969,1191969,137798,1054171,1,0
8796865,1787,4,7602103,7602103,8796865,1194762,1194762,137741,1057021,1,0
8797967,1986,1,8741554,8741554,8797967,56413,56413,56413,0,0,0
8803608,1983,1,8739278,8739278,8803608,64330,64330,64330,0,0,0
8840994,1860,1,8138611,8138611,8840994,702383,702383,702383,0,0,0
8844927,1777,4,7575305,7575305,8844927,1269622,1269622,192368,1077254,1,0
8868538,1964,1,8439659,8439659,8868538,428879,428879,428879,0,0,0
8876933,1960,1,8423842,8423842,8876933,453091,453091,453091,0,0,0
8877065,1975,1,8509925,8509925,8877065,367140,367140,367140,0,0,0
8890913,1956,1,8422370,8422370,8890913,468543,468543,468543,0,0,0
8912997,1816,1,7711606,7711606,8912997,1201391,1201391,1098760,102631,7,0
8955549,1990,1,8749883,8749883,8955549,205666,205666,205666,0,0,0
8967534,1451,16,6745050,6745050,8967534,2222484,2222484,38208,2184276,1,0
8968387,1997,1,8771433,8771433,8968387,196954,196954,196954,0,0,0
8999340,1993,1,8760843,8760843,8999340,238497,238497,238497,0,0,0
9053844,494,4,4250875,4250875,9053844,4802969,4802969,325196,4477773,10,0
9053855,908,4,4814002,4814002,9053855,4239853,4239853,270490,3969363,5,0
9066198,1953,1,8413544,8413544,9066198,652654,652654,652654,0,0,0
9070099,1901,1,8236745,8236745,9070099,833354,833354,833354,0,0,0
9071453,1985,1,8740322,8740322,9071453,331131,331131,331131,0,0,0
9114158,1998,1,8794879,8794879,9114158,319279,319279,319279,0,0,0
9119171,1881,1,8196757,8196757,9119171,922414,922414,922414,0,0,0
9176546,1335,1,6436098,6436098,9176546,2740448,2740448,1156352,1584096,18,0
9182517,1958,1,8423416,8423416,9182517,759101,759101,759101,0,0,0
9183798,1875,1,8170657,8170657,9183798,1013141,1013141,1010036,3105,1,0
9186642,1995,1,8765751,8765751,9186642,420891,420891,420891,0,0,0
9189105,1833,1,7809973,7809973,9189105,1379132,1379132,1114931,264201,5,0
9191506,1929,1,8333036,8333036,9191506,858470,858470,853582,4888,2,0
9214382,1994,1,8763693,8763693,9214382,450689,450689,450689,0,0,0
9433718,1989,1,8748355,8748355,9433718,685363,685363,685363,0,0,0
9459057,750,1,4315013,4315013,9459057,5144044,5144044,1161411,3982633,50,0
9460901,1538,1,7029967,7029967,9460901,2430934,2430934,1143425,1287509,14,0
9487494,81,1,3300707,3300707,9487494,6186787,6186787,1193424,4993363,42,0
9544003,1198,1,6026427,6026427,9544003,3517576,3517576,1200305,2317271,46,0
9547279,948,1,5028824,5028824,9547279,4518455,4518455,1223277,3295178,12,0
9547729,1422,4,6655005,6655005,9547729,2892724,2892724,289607,2603117,14,0
9587826,1478,16,6853569,6853569,9587826,2734257,2734257,112724,2621533,7,0
9659068,1781,1,7583799,7583799,9659068,2075269,2075269,1228599,846670,3,0
9669537,1414,16,6647579,6647579,9669537,3021958,3021958,85089,2936869,5,0
9706056,148,64,3567610,3567610,9706056,6138446,6138446,55335,6083111,1,0
9740476,499,1,4259751,4259751,9740476,5480725,5480725,1247531,4233194,33,0
9749111,566,1,4314354,4314354,9749111,5434757,5434757,1220841,4213916,63,0
9751493,1785,1,7592481,7592481,9751493,2159012,2159012,1235572,923440,6,0
9815245,596,1,4314486,4314486,9815245,5500759,5500759,1287875,4212884,68,0
9822016,778,1,4315114,4315114,9822016,5506902,5506902,1253778,4253124,43,0
9822871,1357,32,6485531,6485531,9822871,3337340,3337340,40113,3297227,14,0
9824564,1561,1,7089364,7089364,9824564,2735200,2735200,1251717,1483483,28,0
9840709,1566,16,7096323,7096323,9840709,2744386,2744386,95115,2649271,5,0
9866724,405,1,4139611,4139611,9866724,5727113,5727113,1297876,4429237,25,0
9866935,1363,1,6487786,6487786,9866935,3379149,3379149,1266419,2112730,15,0
9876114,1876,1,8172306,8172306,9876114,1703808,1703808,1286947,416861,2,0
9893583,546,1,4314279,4314279,9893583,5579304,5579304,1314298,4265006,62,0
9893935,519,1,4309297,4309297,9893935,5584638,5584638,1314006,4270632,46,0
9903115,572,1,4314387,4314387,9903115,5588728,5588728,1323807,4264921,62,0
9942172,77,1,3230742,3230742,9942172,6711430,6711430,1352967,5358463,32,0
9970127,149,1,3569853,3569853,9970127,6400274,6400274,1345171,5055103,31,0
9984444,688,1,4314816,4314816,9984444,5669628,5669628,1338745,4330883,66,0
10036578,1737,4,7412251,7412251,10036578,2624327,2624327,384680,2239647,11,0
10098331,895,1,4761780,4761780,10098331,5336551,5336551,1406824,3929727,13,0
10106245,1644,1,7213635,7213635,10106245,2892610,2892610,1361769,1530841,13,0
10164639,1680,1,7264292,7264292,10164639,2900347,2900347,1418224,1482123,18,0
10203360,1515,1,6980090,6980090,10203360,3223270,3223270,1421044,1802226,23,0
10252291,479,1,4209336,4209336,10252291,6042955,6042955,346427,5696528,8,0
10257165,331,1,4088274,4088274,10257165,6168891,6168891,351292,5817599,7,0
10275163,391,1,4139464,4139464,10275163,6135699,6135699,369036,5766663,11,0
10277087,197,1,3939325,3939325,10277087,6337762,6337762,371346,5966416,2,0
10284946,941,1,4926064,4926064,10284946,5358882,5358882,307139,5051743,1,0
10285289,544,1,4314274,4314274,10285289,5971015,5971015,379327,5591688,45,0
10285941,392,1,4139467,4139467,10285941,6146474,6146474,380289,5766185,9,0
10290894,310,2,4041600,4041600,10290894,6249294,6249294,236228,6013066,1,0
10303576,399,1,4139504,4139504,10303576,6164072,6164072,397775,5766297,9,0
10308031,309,2,4041552,4041552,10308031,6266479,6266479,253413,6013066,1,0
10316768,509,2,4279779,4279779,10316768,6036989,6036989,262116,5774873,10,0
10317695,882,4,4731744,4731744,10317695,5585951,5585951,139710,5446241,1,0
10323535,1007,2,5221310,5221310,10323535,5102225,5102225,154691,4947534,1,0
10323892,400,1,4139530,4139530,10323892,6184362,6184362,418061,5766301,9,0
10333449,950,1,5039720,5039720,10333449,5293729,5293729,345820,4947909,1,0
10341961,727,1,4314951,4314951,10341961,6027010,6027010,386832,5640178,41,0
10349355,773,1,4315096,4315096,10349355,6034259,6034259,394737,5639522,32,0
10365709,416,1,4182488,4182488,10365709,6183221,6183221,459529,5723692,7,0
10384118,229,1,4017799,4017799,10384118,6366319,6366319,477971,5888348,4,0
10425638,390,1,4139451,4139451,10425638,6286187,6286187,519804,5766383,7,0
10439491,325,1,4088235,4088235,10439491,6351256,6351256,533790,5817466,6,0
10462078,370,1,4133404,4133404,10462078,6328674,6328674,556017,5772657,9,0
10466710,689,1,4314817,4314817,10466710,6151893,6151893,560561,5591332,49,0
10476204,564,1,4314349,4314349,10476204,6161855,6161855,570483,5591372,44,0
10500150,396,1,4139483,4139483,10500150,6360667,6360667,594377,5766290,9,0
10518620,707,1,4314881,4314881,10518620,6203739,6203739,563678,5640061,40,0
10523008,920,1,4851494,4851494,10523008,5671514,5671514,567841,5103673,1,0
10524534,717,1,4314917,4314917,10524534,6209617,6209617,569605,5640012,51,0
10547505,670,1,4314761,4314761,10547505,6232744,6232744,641213,5591531,43,0
10552494,832,1,4551529,4551529,10552494,6000965,6000965,597927,5403038,4,0
10559707,631,1,4314623,4314623,10559707,6245084,6245084,653812,5591272,47,0
10568186,486,1,4235365,4235365,10568186,6332821,6332821,662233,5670588,16,0
10569580,349,2,4111441,4111441,10569580,6458139,6458139,514892,5943247,2,0
10573265,1251,1,6164160,6164160,10573265,4409105,4409105,317906,4091199,1,0
10577233,1167,1,5867652,5867652,10577233,4709581,4709581,374158,4335423,1,0
10577538,802,1,4475804,4475804,10577538,6101734,6101734,622442,5479292,6,0
10584776,754,1,4315024,4315024,10584776,6269752,6269752,629872,5639880,39,0
10590959,1267,1,6186722,6186722,10590959,4404237,4404237,328680,4075557,1,0
10594477,1241,1,6125893,6125893,10594477,4468584,4468584,367054,4101530,1,0
10596455,485,1,4234028,4234028,10596455,6362427,6362427,690586,5671841,16,0
10618590,431,1,4182660,4182660,10618590,6435930,6435930,712869,5723061,9,0
10629642,207,1,3985091,3985091,10629642,6644551,6644551,723447,5921104,1,0
10633774,517,2,4307252,4307252,10633774,6326522,6326522,579200,5747322,17,0
10634812,1222,1,6080100,6080100,10634812,4554712,4554712,413796,4140916,1,0
10662688,815,1,4508558,4508558,10662688,6154130,6154130,707564,5446566,2,0
10665449,867,1,4688683,4688683,10665449,5976766,5976766,710433,5266333,3,0
10669050,408,1,4175392,4175392,10669050,6493658,6493658,762831,5730827,9,0
10670164,896,1,4763979,4763979,10670164,5906185,5906185,715779,5190406,1,0
10698808,1307,1,6392120,6392120,10698808,4306688,4306688,377448,3929240,4,0
10733501,319,1,4056346,4056346,10733501,6677155,6677155,827609,5849546,3,0
10746057,418,1,4182514,4182514,10746057,6563543,6563543,840362,5723181,6,0
10747631,1270,1,6186725,6186725,10747631,4560906,4560906,475476,4085430,1,0
10765234,435,1,4192932,4192932,10765234,6572302,6572302,859560,5712742,10,0
10830150,549,1,4314290,4314290,10830150,6515860,6515860,924438,5591422,49,0
10831410,440,1,4199207,4199207,10831410,6632203,6632203,925354,5706849,14,0
10842618,690,1,4314821,4314821,10842618,6527797,6527797,887423,5640374,47,0
10848858,1418,4,6651452,6651452,10848858,4197406,4197406,93086,4104320,1,0
10869167,1277,1,6197842,6197842,10869167,4671325,4671325,593058,4078267,2,0
10879908,1382,1,6523536,6523536,10879908,4356372,4356372,431583,3924789,1,0
10884613,1144,1,5784911,5784911,10884613,5099702,5099702,742464,4357238,1,0
10900091,677,1,4314777,4314777,10900091,6585314,6585314,994253,5591061,42,0
10907521,846,1,4620552,4620552,10907521,6286969,6286969,953124,5333845,4,0
10907938,545,1,4314276,4314276,10907938,6593662,6593662,1002364,5591298,44,0
10916600,1409,1,6632783,6632783,10916600,4283817,4283817,448569,3835248,3,0
10922860,1104,1,5494933,5494933,10922860,5427927,5427927,896146,4531781,1,0
10933817,706,1,4314880,4314880,10933817,6618937,6618937,978987,5639950,46,0
10941317,967,1,5115283,5115283,10941317,5826034,5826034,952993,4873041,1,0
10950353,1444,1,6732643,6732643,10950353,4217710,4217710,398819,3818891,1,0
10960360,1525,1,7012065,7012065,10960360,3948295,3948295,377618,3570677,7,0
10964252,799,1,4461111,4461111,10964252,6503141,6503141,1009842,5493299,5,0
11008641,1125,1,5630701,5630701,11008641,5377940,5377940,957205,4420735,1,0
11022172,1127,1,5641503,5641503,11022172,5380669,5380669,954310,4426359,1,0
11032964,434,1,4191223,4191223,11032964,6841741,6841741,1127389,5714352,11,0
11038243,1142,1,5778516,5778516,11038243,5259727,5259727,910027,4349700,1,0
11041213,635,1,4314645,4314645,11041213,6726568,6726568,1135096,5591472,47,0
11045619,1426,1,6657633,6657633,11045619,4387986,4387986,512618,3875368,4,0
11059004,1226,1,6104638,6104638,11059004,4954366,4954366,833162,4121204,1,0
11061178,632,1,4314624,4314624,11061178,6746554,6746554,1154884,5591670,48,0
11068699,1325,1,6412036,6412036,11068699,4656663,4656663,697305,3959358,2,0
11071226,1169,1,5903470,5903470,11071226,5167756,5167756,868697,4299059,1,0
11084651,1804,1,7623607,7623607,11084651,3461044,3461044,323041,3138003,1,0
11091295,1729,4,7412155,7412155,11091295,3679140,3679140,120021,3559119,1,0
11093374,468,1,4209188,4209188,11093374,6884186,6884186,1187407,5696779,10,0
11094727,1314,1,6404669,6404669,11094727,4690058,4690058,758251,3931807,2,0
11097765,1323,1,6404684,6404684,11097765,4693081,4693081,729599,3963482,2,0
11108697,1300,1,6317851,6317851,11108697,4790846,4790846,815620,3975226,4,0
11115130,637,1,4314653,4314653,11115130,6800477,6800477,1209166,5591311,43,0
11121941,1321,1,6404683,6404683,11121941,4717258,4717258,756537,3960721,2,0
11136421,1699,1,7354484,7354484,11136421,3781937,3781937,411884,3370053,3,0
11147397,1564,1,7095659,7095659,11147397,4051738,4051738,544599,3507139,4,0
11174728,921,1,4851513,4851513,11174728,6323215,6323215,1219542,5103673,1,0
11206695,1641,1,7212604,7212604,11206695,3994091,3994091,562747,3431344,2,0
11218048,833,1,4559904,4559904,11218048,6658144,6658144,1263281,5394863,6,0
11225644,642,1,4314669,4314669,11225644,6910975,6910975,1319488,5591487,47,0
11239154,1815,1,7709095,7709095,11239154,3530059,3530059,477481,3052578,1,0
11242121,919,1,4851493,4851493,11242121,6390628,6390628,1286955,5103673,1,0
11243386,610,1,4314529,4314529,11243386,6928857,6928857,1337560,5591297,43,0
11272639,1877,1,8176922,8176922,11272639,3095717,3095717,485266,2610451,1,0
11294363,563,1,4314339,4314339,11294363,6980024,6980024,1388680,5591344,46,0
11333060,1921,1,8299351,8299351,11333060,3033709,3033709,483015,2550694,1,0
11354944,1751,4,7547459,7547459,11354944,3807485,3807485,187161,3620324,2,0
11374139,1672,1,7250026,7250026,11374139,4124113,4124113,721219,3402894,1,0
11397051,1469,16,6833740,6833740,11397051,4563311,4563311,82564,4480747,2,0
11425578,1757,4,7548088,7548088,11425578,3877490,3877490,144939,3732551,1,0
11442240,1268,1,6186722,6186722,11442240,5255518,5255518,1171482,4084036,1,0
11442668,1271,1,6186727,6186727,11442668,5255941,5255941,1170511,4085430,1,0
11444554,696,1,4314838,4314838,11444554,7129716,7129716,1408003,5721713,67,0
11483105,1499,16,6940339,6940339,11483105,4542766,4542766,104640,4438126,1,0
11509669,1694,1,7299598,7299598,11509669,4210071,4210071,798620,3411451,1,0
11531765,1761,4,7548124,7548124,11531765,3983641,3983641,208983,3774658,1,0
11572279,1565,16,7096300,7096300,11572279,4475979,4475979,59108,4416871,2,0
11600416,1454,1,6748408,6748408,11600416,4852008,4852008,1048830,3803178,1,0
11617342,1162,1,5850600,5850600,11617342,5766742,5766742,1414862,4351880,1,0
11618323,1472,16,6835073,6835073,11618323,4783250,4783250,88960,4694290,8,0
11661840,1313,1,6404669,6404669,11661840,5257171,5257171,1329496,3927675,2,0
11665152,930,1,4868286,4868286,11665152,6796866,6796866,1422382,5374484,2,0
11679962,1184,2,5989186,5989186,11679962,5690776,5690776,722258,4968518,2,0
11719328,1553,1,7070917,7070917,11719328,4648411,4648411,1131787,3516624,11,0
11721425,1521,16,6993621,6993621,11721425,4727804,4727804,91242,4636562,6,0
11747777,1054,1,5354669,5354669,11747777,6393108,6393108,1462492,4930616,32,0
11762858,1453,1,6748407,6748407,11762858,5014451,5014451,1211273,3803178,1,0
11774539,1388,1,6547415,6547415,11774539,5227124,5227124,1324727,3902397,3,0
11777849,1130,1,5677026,5677026,11777849,6100823,6100823,1444771,4656052,36,0
11808703,1338,1,6466499,6466499,11808703,5342204,5342204,1372383,3969821,1,0
11822671,922,1,4851523,4851523,11822671,6971148,6971148,1464672,5506476,4,0
11850780,200,8,3952310,3952310,11850780,7898470,7898470,211755,7686715,10,0
11850934,814,1,4508467,4508467,11850934,7342467,7342467,1461938,5880529,5,0
11858880,1914,1,8299342,8299342,11858880,3559538,3559538,1047544,2511994,1,0
11903747,1484,1,6893817,6893817,11903747,5009930,5009930,1352512,3657418,2,0
11981765,1872,1,8167148,8167148,11981765,3814617,3814617,1207744,2606873,1,0
12044925,988,2,5156779,5156779,12044925,6888146,6888146,804995,6083151,19,0
12092465,1295,16,6284923,6284923,12092465,5807542,5807542,140238,5667304,7,0
12106530,1798,1,7603200,7603200,12106530,4503330,4503330,1358698,3144632,1,0
12133743,175,1,3705955,3705955,12133743,8427788,8427788,1545208,6882580,33,0
12135965,1913,1,8288784,8288784,12135965,3847181,3847181,1536231,2310950,10,0
12151982,1920,1,8299349,8299349,12151982,3852633,3852633,1312915,2539718,1,0
12168477,586,1,4314449,4314449,12168477,7854028,7854028,1560334,6293694,66,0
12173005,1019,1,5282374,5282374,12173005,6890631,6890631,1550732,5339899,18,0
12199735,1749,1,7516685,7516685,12199735,4683050,4683050,1459021,3224029,1,0
12230248,625,1,4314606,4314606,12230248,7915642,7915642,1590764,6324878,79,0
12278836,1799,1,7609321,7609321,12278836,4669515,4669515,1517480,3152035,1,0
12298001,1858,1,8136151,8136151,12298001,4161850,4161850,1534318,2627532,1,0
12351992,1884,1,8217169,8217169,12351992,4134823,4134823,1554384,2580439,1,0
12376408,1887,4,8220101,8220101,12376408,4156307,4156307,424852,3731455,9,0
12401298,795,1,4425440,4425440,12401298,7975858,7975858,1618561,6357297,25,0
12458060,805,2,4481065,4481065,12458060,7976995,7976995,860243,7116752,27,0
12478241,76,1,3183978,3183978,12478241,9294263,9294263,1636183,7658080,45,0
12482819,95,1,3381405,3381405,12482819,9101414,9101414,1640377,7461037,34,0
12509343,481,1,4210804,4210804,12509343,8298539,8298539,1668493,6630046,46,0
12538944,1320,1,6404681,6404681,12538944,6134263,6134263,1679273,4454990,8,0
12549223,1547,1,7066623,7066623,12549223,5482600,5482600,1666034,3816566,22,0
12553399,1403,1,6600992,6600992,12553399,5952407,5952407,1670358,4282049,18,0
12563313,1427,1,6665275,6665275,12563313,5898038,5898038,1679642,4218396,17,0
12621688,462,1,4209119,4209119,12621688,8412569,8412569,1744094,6668475,20,0
12643046,1936,1,8394683,8394683,12643046,4248363,4248363,1701001,2547362,15,0
12656627,119,2,3441312,3441312,12656627,9215315,9215315,857335,8357980,16,0
12673854,1701,4,7361026,7361026,12673854,5312828,5312828,442202,4870626,7,0
12714263,67,1,3141340,3141340,12714263,9572923,9572923,1748391,7824532,30,0
12721401,1027,1,5290451,5290451,12721401,7430950,7430950,1745044,5685906,23,0
12825790,609,1,4314525,4314525,12825790,8511265,8511265,1829710,6681555,76,0
12837264,1448,4,6744304,6744304,12837264,6092960,6092960,448661,5644299,37,0
12854499,1076,1,5393954,5393954,12854499,7460545,7460545,1770026,5690519,50,0
12856605,1734,4,7412232,7412232,12856605,5444373,5444373,441349,5003024,5,0
12866603,829,1,4526071,4526071,12866603,8340532,8340532,1769176,6571356,31,0
12886220,1157,1,5818367,5818367,12886220,7067853,7067853,1791120,5276733,11,0
12919164,1864,1,8149442,8149442,12919164,4769722,4769722,1801159,2968563,7,0
12919403,1368,16,6488943,6488943,12919403,6430460,6430460,111361,6319099,14,0
12932601,1173,4,5937667,5937667,12932601,6994934,6994934,460145,6534789,20,0
12933884,1353,32,6481424,6481424,12933884,6452460,6452460,57043,6395417,14,0
12936970,616,1,4314561,4314561,12936970,8622409,8622409,1797167,6825242,72,0
12965901,641,1,4314663,4314663,12965901,8651238,8651238,1827989,6823249,55,0
13035183,1766,4,7548176,7548176,13035183,5487007,5487007,519807,4967200,5,0
13039893,1299,24,6309729,6309729,13039893,6730164,6730164,80330,6649834,4,0
13054602,907,4,4808148,4808148,13054602,8246454,8246454,471421,7775033,12,0
13060457,1047,4,5347399,5347399,13060457,7713058,7713058,466272,7246786,5,0
13094579,1058,1,5355174,5355174,13094579,7739405,7739405,1872008,5867397,40,0
13095818,745,1,4314996,4314996,13095818,8780822,8780822,1845537,6935285,60,0
13100232,845,1,4618444,4618444,13100232,8481788,8481788,1850172,6631616,29,0
13107467,554,1,4314307,4314307,13107467,8793160,8793160,1861536,6931624,60,0
13120877,351,2,4115467,4115467,13120877,9005410,9005410,941939,8063471,13,0
13193651,1996,1,8769707,8769707,13193651,4423944,4423944,1933784,2490160,13,0
13198600,760,1,4315048,4315048,13198600,8883552,8883552,1873148,7010404,70,0
13211237,839,1,4588491,4588491,13211237,8622746,8622746,1889655,6733091,19,0
13269078,1615,8,7171205,7171205,13269078,6097873,6097873,293193,5804680,10,0
13292754,1987,1,8742510,8742510,13292754,4550244,4550244,1890546,2659698,11,0
13307364,589,1,4314453,4314453,13307364,8992911,8992911,1924328,7068583,62,0
13361440,1760,4,7548113,7548113,13361440,5813327,5813327,529531,5283796,9,0
13373798,1684,1,7277191,7277191,13373798,6096607,6096607,1934997,4161610,23,0
13398595,129,1,3459423,3459423,13398595,9939172,9939172,1970346,7968826,41,0
13465071,1690,16,7285637,7285637,13465071,6179434,6179434,188499,5990935,9,0
13541883,1984,1,8739483,8739483,13541883,4802400,4802400,2033679,2768721,16,0
13557725,728,1,4314952,4314952,13557725,9242773,9242773,1994718,7248055,84,0
13586950,1946,4,8407808,8407808,13586950,5179142,5179142,522974,4656168,6,0
13647470,521,1,4309610,4309610,13647470,9337860,9337860,2080146,7257714,71,0
13706680,1121,1,5538602,5538602,13706680,8168078,8168078,2077400,6090678,17,0
13727631,590,1,4314463,4314463,13727631,9413168,9413168,2077937,7335231,80,0
13733070,14,1,2753344,2753344,13733070,10979726,10979726,2075573,8904153,27,0
13736345,1165,1,5857249,5857249,13736345,7879096,7879096,2070819,5808277,75,0
13773061,608,1,4314524,4314524,13773061,9458537,9458537,2109836,7348701,82,0
13774476,1619,1,7185292,7185292,13774476,6589184,6589184,2080943,4508241,46,0
13779814,1688,1,7281405,7281405,13779814,6498409,6498409,2087443,4410966,13,0
13815709,704,1,4314866,4314866,13815709,9500843,9500843,2146024,7354819,69,0
13873170,1229,1,6112769,6112769,13873170,7760401,7760401,2164738,5595663,53,0
13929112,1797,4,7602160,7602160,13929112,6326952,6326952,580362,5746590,10,0
14008711,555,1,4314310,4314310,14008711,9694401,9694401,2192150,7502251,65,0
14014534,1759,4,7548106,7548106,14014534,6466428,6466428,534217,5932211,8,0
14022871,1328,1,6415804,6415804,14022871,7607067,7607067,2132461,5474606,19,0
14027369,559,1,4314324,4314324,14027369,9713045,9713045,2151372,7561673,94,0
14028266,460,1,4209107,4209107,14028266,9819159,9819159,2193453,7625706,48,0
14040330,791,1,4395337,4395337,14040330,9644993,9644993,2181261,7463732,48,0
14045413,1421,4,6654960,6654960,14045413,7390453,7390453,549040,6841413,21,0
14051228,558,1,4314324,4314324,14051228,9736904,9736904,2174769,7562135,66,0
14069008,667,1,4314754,4314754,14069008,9754254,9754254,2193153,7561101,77,0
14071890,762,1,4315054,4315054,14071890,9756836,9756836,2194419,7562417,54,0
14074134,758,1,4315038,4315038,14074134,9759096,9759096,2199293,7559803,78,0
14074458,606,1,4314518,4314518,14074458,9759940,9759940,2198290,7561650,77,0
14081084,1442,1,6725830,6725830,14081084,7355254,7355254,2203165,5152089,18,0
14092042,585,1,4314445,4314445,14092042,9777597,9777597,2218054,7559543,82,0
14124272,1242,1,6126533,6126533,14124272,7997739,7997739,2238064,5759675,34,0
14145734,1968,4,8464368,8464368,14145734,5681366,5681366,573111,5108255,11,0
14156790,937,1,4909693,4909693,14156790,9247097,9247097,2242640,7004457,41,0
14161638,684,1,4314805,4314805,14161638,9846833,9846833,2230588,7616245,65,0
14242447,573,1,4314388,4314388,14242447,9928059,9928059,2312405,7615654,68,0
14284704,1018,1,5282373,5282373,14284704,9002331,9002331,2289981,6712350,36,0
14311869,1253,24,6168835,6168835,14311869,8143034,8143034,121817,8021217,3,0
14341836,1664,4,7242613,7242613,14341836,7099223,7099223,596503,6502720,16,0
14387691,1889,1,8222781,8222781,14387691,6164910,6164910,2328286,3836624,26,0
14494982,1074,1,5387860,5387860,14494982,9107122,9107122,2403858,6703264,58,0
14508667,178,4,3765178,3765178,14508667,10743489,10743489,592622,10150867,19,0
14518528,383,1,4139401,4139401,14518528,10379127,10379127,2360287,8018840,61,0
14536857,1404,1,6602847,6602847,14536857,7934010,7934010,2338341,5595669,21,0
14591337,900,1,4764284,4764284,14591337,9827053,9827053,2418769,7408284,41,0
14598501,1659,16,7237190,7237190,14598501,7361311,7361311,152130,7209181,12,0
14635688,1693,1,7289213,7289213,14635688,7346475,7346475,2357939,4988536,16,0
14666491,811,1,4508194,4508194,14666491,10158297,10158297,2444716,7713581,40,0
14681871,543,1,4314269,4314269,14681871,10367602,10367602,2425116,7942486,71,0
14719269,1463,4,6821345,6821345,14719269,7897924,7897924,633566,7264358,24,0
14725275,955,1,5054685,5054685,14725275,9670590,9670590,2424618,7245972,28,0
14756072,1590,1,7153909,7153909,14756072,7602163,7602163,2408432,5193731,35,0
14795988,646,1,4314689,4314689,14795988,10481299,10481299,2479768,8001531,93,0
14819157,1366,8,6488916,6488916,14819157,8330241,8330241,327854,8002387,7,0
14839669,914,1,4829681,4829681,14839669,10009988,10009988,2486768,7523220,31,0
14916344,1025,1,5286357,5286357,14916344,9629987,9629987,2549844,7080143,43,0
14962552,1923,1,8308407,8308407,14962552,6654145,6654145,2506988,4147157,30,0
14982827,158,2,3611733,3611733,14982827,11371094,11371094,1284795,10086299,25,0
15004624,664,1,4314746,4314746,15004624,10689878,10689878,2541604,8148274,103,0
15073461,1771,4,7548232,7548232,15073461,7525229,7525229,704196,6821033,11,0
15101417,842,1,4591208,4591208,15101417,10510209,10510209,2592913,7917296,34,0
15233811,1115,1,5510100,5510100,15233811,9723711,9723711,2683491,7040220,27,0
15258237,786,4,4383094,4383094,15258237,10875143,10875143,669460,10205683,26,0
15264357,113,2,3429668,3429668,15264357,11834689,11834689,1307903,10526786,34,0
15290696,628,1,4314621,4314621,15290696,10976075,10976075,2639872,8336203,77,0
15316128,1988,1,8742510,8742510,15316128,6573618,6573618,2629845,3943773,24,0
15331938,1398,16,6573706,6573706,15331938,8758232,8758232,179205,8579027,10,0
15383541,1976,8,8540610,8540610,15383541,6842931,6842931,381748,6461183,6,0
15455510,820,1,4513758,4513758,15455510,10941752,10941752,2766919,8174833,56,0
15499011,1809,1,7659595,7659595,15499011,7839416,7839416,2728052,5111364,38,0
15586632,1072,4,5383842,5383842,15586632,10202790,10202790,769460,9433330,16,0
15605958,1190,4,6006712,6006712,15605958,9599246,9599246,703605,8895641,15,0
15636680,1235,1,6112905,6112905,15636680,9523775,9523775,2804165,6719610,60,0
15661626,785,1,4340271,4340271,15661626,11321355,11321355,2830894,8490461,61,0
15705190,1640,1,7211110,7211110,15705190,8494080,8494080,2842224,5651856,25,0
15715348,1789,4,7602112,7602112,15715348,8113236,8113236,714833,7398403,14,0
15750382,282,2,4020241,4020241,15750382,11730141,11730141,1458918,10271223,45,0
15847035,1610,4,7164659,7164659,15847035,8682376,8682376,810382,7871994,11,0
15875005,1716,4,7361854,7361854,15875005,8513151,8513151,737982,7775169,24,0
15900276,1139,1,5766090,5766090,15900276,10134186,10134186,2892940,7241246,33,0
15966312,1886,1,8218360,8218360,15966312,7747952,7747952,2949433,4798519,31,0
16002215,1003,4,5215820,5215820,16002215,10786395,10786395,763752,10022643,14,0
16045295,1408,1,6628599,6628599,16045295,9416696,9416696,2990066,6426630,42,0
16115652,804,2,4478322,4478322,16115652,11637330,11637330,1560188,10077142,46,0
16310823,1279,1,6197844,6197844,16310823,10112979,10112979,3162728,6950251,35,0
16321157,1770,4,7548218,7548218,16321157,8772939,8772939,752845,8020094,15,0
16337415,1823,1,7771725,7771725,16337415,8565690,8565690,3011913,5553777,44,0
16391017,1449,16,6744929,6744929,16391017,9646088,9646088,242214,9403874,6,0
16410556,1974,1,8504794,8504794,16410556,7905762,7905762,3047645,4858117,26,0
16448463,1160,1,5832900,5832900,16448463,10615563,10615563,3116150,7499413,33,0
16464192,1790,4,7602116,7602116,16464192,8862076,8862076,784142,8077934,17,0
16473177,293,2,4020259,4020259,16473177,12452918,12452918,1570857,10882061,38,0
16495408,1230,1,6112770,6112770,16495408,10382638,10382638,3139240,7243398,64,0
16505701,1945,1,8407534,8407534,16505701,8098167,8098167,3112430,4985737,38,0
16580330,1897,1,8230190,8230190,16580330,8350140,8350140,3183283,5166857,36,0
16589979,1519,4,6991846,6991846,16589979,9598133,9598133,795394,8802739,30,0
16603818,1510,1,6954334,6954334,16603818,9649484,9649484,3157744,6491740,40,0
16761774,1520,16,6993571,6993571,16761774,9768203,9768203,358539,9409664,8,0
16854916,1825,1,7785800,7785800,16854916,9069116,9069116,3289693,5779423,44,0
16905818,844,1,4611261,4611261,16905818,12294557,12294557,3272506,9022051,60,0
16916863,1211,16,6035097,6035097,16916863,10881766,10881766,215365,10666401,9,0
16972969,1600,4,7164196,7164196,16972969,9808773,9808773,865781,8942992,19,0
17092477,471,1,4209220,4209220,17092477,12883257,12883257,3406966,9476291,74,0
17129746,1595,4,7163620,7163620,17129746,9966126,9966126,859457,9106669,27,0
17192099,1576,1,7120272,7120272,17192099,10071827,10071827,3407489,6664338,36,0
17204945,1154,1,5814182,5814182,17204945,11390763,11390763,3386175,8004588,40,0
17245729,1783,1,7583883,7583883,17245729,9661846,9661846,3430896,6230950,43,0
17267895,1748,1,7512494,7512494,17267895,9755401,9755401,3443623,6311778,32,0
17271827,1808,1,7659562,7659562,17271827,9612265,9612265,3454028,6158237,51,0
17288966,528,1,4314195,4314195,17288966,12974771,12974771,3493703,9481068,111,0
17346938,1062,1,5357560,5357560,17346938,11989378,11989378,3523043,8466335,42,0
17517458,1443,1,6732611,6732611,17517458,10784847,10784847,3650153,7134694,32,0
17524004,1826,1,7787343,7787343,17524004,9736661,9736661,3473143,6263518,47,0
17555124,1961,1,8426446,8426446,17555124,9128678,9128678,3513474,5615204,40,0
17586919,1516,1,6984786,6984786,17586919,10602133,10602133,3547192,7054941,42,0
17591359,748,1,4315004,4315004,17591359,13276355,13276355,3591180,9685175,103,0
17597242,1517,1,6984817,6984817,17597242,10612425,10612425,3557070,7055355,56,0
17739592,864,1,4676863,4676863,17739592,13062729,13062729,3726801,9335928,47,0
17804655,1612,4,7164737,7164737,17804655,10639918,10639918,969602,9670316,34,0
17817980,924,4,4863513,4863513,17817980,12954467,12954467,937566,12016901,31,0
17873128,1023,1,5282407,5282407,17873128,12590721,12590721,3762261,8828460,61,0
17916778,59,1,3026355,3026355,17916778,14890423,14890423,3784994,11105429,70,0
17938897,798,2,4457710,4457710,17938897,13481187,13481187,1905657,11575530,56,0
17962698,1607,4,7164497,7164497,17962698,10798201,10798201,960298,9837903,27,0
17963067,498,1,4258622,4258622,17963067,13704445,13704445,3786294,9918151,91,0
18006622,112,2,3427798,3427798,18006622,14578824,14578824,1968542,12610282,60,0
18008429,1223,2,6081058,6081058,18008429,11927371,11927371,1918006,10009365,55,0
18076729,1365,4,6488680,6488680,18076729,11588049,11588049,1028823,10559226,32,0
18082928,518,2,4307282,4307282,18082928,13775646,13775646,1958117,11817529,61,0
18109130,1002,1,5211375,5211375,18109130,12897755,12897755,3882489,9015266,48,0
18111104,1217,1,6052624,6052624,18111104,12058480,12058480,3893889,8164591,86,0
18173067,1606,4,7164450,7164450,18173067,11008617,11008617,1032740,9975877,31,0
18234744,1774,4,7548271,7548271,18234744,10686473,10686473,1032381,9654092,17,0
18403141,998,1,5198832,5198832,18403141,13204309,13204309,4075083,9129226,48,0
18440871,1209,1,6032401,6032401,18440871,12408470,12408470,3994597,8413873,108,0
18452862,1839,1,7818033,7818033,18452862,10634829,10634829,3977341,6657488,51,0
18532691,1709,4,7361789,7361789,18532691,11170902,11170902,1072652,10098250,27,0
18579203,1910,1,8248667,8248667,18579203,10330536,10330536,4099885,6230651,46,0
18585995,1772,4,7548245,7548245,18585995,11037750,11037750,1032453,10005297,29,0
18603640,1683,2,7273117,7273117,18603640,11330523,11330523,2063674,9266849,50,0
18679837,1928,1,8327346,8327346,18679837,10352491,10352491,4172146,6180345,48,0
18755930,1863,4,8147848,8147848,18755930,10608082,10608082,1108750,9499332,24,0
18869929,136,1,3529309,3529309,18869929,15340620,15340620,4269170,11071450,75,0
18900228,1645,1,7213667,7213667,18900228,11686561,11686561,4218813,7467748,55,0
18912277,976,1,5141211,5141211,18912277,13771066,13771066,4269478,9501588,53,0
18944594,1439,1,6722725,6722725,18944594,12221869,12221869,4263663,7958206,85,0
19011222,547,1,4314282,4314282,19011222,14696940,14696940,4369427,10327513,97,0
19051731,179,8,3771178,3771178,19051731,15280553,15280553,585601,14694952,10,0
19076505,1302,1,6332104,6332104,19076505,12744401,12744401,4365641,8378760,48,0
19081244,898,1,4764250,4764250,19081244,14316994,14316994,4440357,9876637,56,0
19119610,1440,1,6722757,6722757,19119610,12396853,12396853,4446212,7950641,53,0
19136263,1630,4,7199529,7199529,19136263,11936734,11936734,1124581,10812153,33,0
19142138,1754,4,7548065,7548065,19142138,11594073,11594073,1113292,10480781,18,0
19156454,1752,4,7548049,7548049,19156454,11608405,11608405,1127441,10480964,19,0
19161251,1663,1,7241978,7241978,19161251,11919273,11919273,4416553,7502720,63,0
19166558,1582,1,7134045,7134045,19166558,12032513,12032513,4444540,7587973,45,0
19314632,1219,1,6056622,6056622,19314632,13258010,13258010,4614058,8643952,100,0
19315780,1713,4,7361824,7361824,19315780,11953956,11953956,1126900,10827056,23,0
19350765,1702,4,7361701,7361701,19350765,11989064,11989064,1162080,10826984,30,0
19352184,1707,4,7361774,7361774,19352184,11990410,11990410,1133595,10856815,36,0
19388438,1228,16,6110517,6110517,19388438,13277921,13277921,322557,12955364,15,0
19454406,493,4,4247642,4247642,19454406,15206764,15206764,1215232,13991532,24,0
19543772,1084,4,5419038,5419038,19543772,14124734,14124734,1240451,12884283,20,0
19548892,1788,4,7602107,7602107,19548892,11946785,11946785,1169347,10777438,23,0
19566910,1677,4,7256750,7256750,19566910,12310160,12310160,1180719,11129441,36,0
19617990,1386,1,6540190,6540190,19617990,13077800,13077800,4758474,8319326,58,0
19762769,508,4,4279752,4279752,19762769,15483017,15483017,1328183,14154834,30,0
19779355,1334,1,6426931,6426931,19779355,13352424,13352424,4779623,8572801,46,0
19794534,1671,4,7243989,7243989,19794534,12550545,12550545,1214263,11336282,35,0
19794739,3,1,2720160,2720160,19794739,17074579,17074579,4803268,12271311,65,0
19888858,823,1,4515159,4515159,19888858,15373699,15373699,4898519,10475180,75,0
19939762,1545,1,7050969,7050969,19939762,12888793,12888793,4916420,7972373,61,0
20023825,1416,1,6650674,6650674,20023825,13373151,13373151,4986204,8386947,45,0
20063346,1550,16,7068672,7068672,20063346,12994674,12994674,350647,12644027,12,0
20112462,897,1,4764244,4764244,20112462,15348218,15348218,5137691,10210527,55,0
20126825,5,1,2721260,2721260,20126825,17405565,17405565,5083850,12321715,62,0
20170591,1605,4,7164409,7164409,20170591,13006182,13006182,1304885,11701297,25,0
20209232,80,1,3292366,3292366,20209232,16916866,16916866,5152663,11764203,89,0
20268535,953,4,5050315,5050315,20268535,15218220,15218220,1357904,13860316,32,0
20381752,1625,1,7197478,7197478,20381752,13184274,13184274,5270137,7914137,48,0
20515689,906,4,4805237,4805237,20515689,15710452,15710452,1450771,14259681,27,0
20643801,1609,4,7164605,7164605,20643801,13479196,13479196,1439611,12039585,39,0
20695478,1108,4,5500732,5500732,20695478,15194746,15194746,1376155,13818591,20,0
20752631,1336,16,6460804,6460804,20752631,14291827,14291827,388212,13903615,12,0
20770265,1882,1,8198008,8198008,20770265,12572257,12572257,5377177,7195080,47,0
20810345,311,2,4041675,4041675,20810345,16768670,16768670,2756388,14012282,46,0
20836529,1930,1,8346167,8346167,20836529,12490362,12490362,5418127,7072235,55,0
20939686,1340,1,6475048,6475048,20939686,14464638,14464638,5601238,8863400,68,0
21022124,1817,1,7717273,7717273,21022124,13304851,13304851,5629199,7675652,65,0
21093330,1866,8,8157549,8157549,21093330,12935781,12935781,771770,12164011,18,0
21110653,865,1,4676927,4676927,21110653,16433726,16433726,5743366,10690360,70,0
21121196,1602,4,7164276,7164276,21121196,13956920,13956920,1449396,12507524,40,0
21208843,1080,1,5405724,5405724,21208843,15803119,15803119,5802561,10000558,89,0
21338977,899,1,4764251,4764251,21338977,16574726,16574726,5963234,10611492,67,0
21378883,206,1,3973362,3973362,21378883,17405521,17405521,6004213,11401308,57,0
21468464,1480,16,6856365,6856365,21468464,14612099,14612099,461884,14150215,13,0
21553638,1557,4,7075316,7075316,21553638,14478322,14478322,1572196,12906126,38,0
21611855,813,1,4508437,4508437,21611855,17103418,17103418,6054027,11049391,79,0
21659575,1415,16,6649027,6649027,21659575,15010548,15010548,428101,14582447,19,0
21746313,436,1,4193606,4193606,21746313,17552707,17552707,6197013,11355694,88,0
21845179,1591,1,7153923,7153923,21845179,14691256,14691256,6238326,8452930,68,0
21880179,1601,4,7164228,7164228,21880179,14715951,14715951,1572208,13143743,33,0
21986921,1890,4,8222865,8222865,21986921,13764056,13764056,1650880,12113176,36,0
22036279,876,4,4708396,4708396,22036279,17327883,17327883,1620459,15707424,32,0
22084646,873,1,4702962,4702962,22084646,17381684,17381684,6391987,10989697,78,0
22087309,1794,4,7602140,7602140,22087309,14485169,14485169,1575650,12909519,36,0
22148616,350,2,4111447,4111447,22148616,18037169,18037169,3280653,14756516,48,0
22216870,1324,1,6404686,6404686,22216870,15812184,15812184,6477984,9334200,68,0
22235969,1973,1,8490397,8490397,22235969,13745572,13745572,6445085,7300487,59,0
22340759,1177,1,5966520,5966520,22340759,16374239,16374239,6585429,9788810,122,0
22507972,1504,1,6951286,6951286,22507972,15556686,15556686,6661540,8895146,56,0
22561631,209,1,4013691,4013691,22561631,18547940,18547940,6870182,11677758,59,0
22596142,1049,2,5347753,5347753,22596142,17248389,17248389,3415695,13832694,45,0
22627653,1915,1,8299343,8299343,22627653,14328310,14328310,6647991,7680319,52,0
22748910,1467,16,6827756,6827756,22748910,15921154,15921154,545783,15375371,18,0
23002398,1784,1,7589990,7589990,23002398,15412408,15412408,7084002,8328406,51,0
23233595,155,2,3610677,3610677,23233595,19622918,19622918,3705744,15917174,54,0
23260118,836,1,4570220,4570220,23260118,18689898,18689898,7253758,11436140,85,0
23618885,1238,1,6112908,6112908,23618885,17505977,17505977,7320315,10185662,77,0
23758606,1492,16,6923860,6923860,23758606,16834746,16834746,596749,16237997,12,0
23764741,1618,4,7177233,7177233,23764741,16587508,16587508,1807450,14780058,34,0
24046776,1704,4,7361715,7361715,24046776,16685061,16685061,2091199,14593862,39,0
24125394,1107,1,5500719,5500719,24125394,18624675,18624675,7572192,11052483,115,0
24144396,6,1,2734360,2734360,24144396,21410036,21410036,7632500,13777536,78,0
24147474,1511,4,6956124,6956124,24147474,17191350,17191350,1961876,15229474,29,0
24276320,1918,1,8299346,8299346,24276320,15976974,15976974,7291436,8685538,55,0
24286242,803,2,4477676,4477676,24286242,19808566,19808566,3957778,15850788,73,0
24335671,1281,1,6197848,6197848,24335671,18137823,18137823,7773542,10364281,64,0
24360616,994,1,5167829,5167829,24360616,19192787,19192787,7822753,11370034,85,0
24425779,503,1,4267093,4267093,24425779,20158686,20158686,7901081,12257605,99,0
24436330,843,1,4603213,4603213,24436330,19833117,19833117,7923809,11909308,81,0
24486380,1303,1,6348481,6348481,24486380,18137899,18137899,7921385,10216514,65,0
24493608,1174,1,5950378,5950378,24493608,18543230,18543230,7913201,10630029,116,0
24528807,123,2,3443464,3443464,24528807,21085343,21085343,4170789,16914554,66,0
24687564,1073,2,5383847,5383847,24687564,19303717,19303717,4259584,15044133,55,0
24729198,127,1,3450093,3450093,24729198,21279105,21279105,8204665,13074440,94,0
24903210,62,4,3095414,3095414,24903210,21807796,21807796,2319241,19488555,18,0
25061193,1489,4,6910751,6910751,25061193,18150442,18150442,2250473,15899969,42,0
25080832,1730,4,7412212,7412212,25080832,17668620,17668620,2101951,15566669,27,0
25183452,1851,4,7921001,7921001,25183452,17262451,17262451,2226675,15035776,46,0
25222737,40,1,2836968,2836968,25222737,22385769,22385769,8712978,13672791,88,0
25310458,1487,16,6901697,6901697,25310458,18408761,18408761,632036,17776725,20,0
25513062,1795,4,7602146,7602146,25513062,17910916,17910916,2407237,15503679,41,0
25532704,879,4,4710703,4710703,25532704,20822001,20822001,2313797,18508204,58,0
25535446,506,4,4269609,4269609,25535446,21265837,21265837,2249303,19016534,46,0
25924092,985,4,5156284,5156284,25924092,20767808,20767808,2705446,18062362,42,0
25942401,1410,16,6638114,6638114,25942401,19304287,19304287,582114,18722173,20,0
25996093,1738,4,7412256,7412256,25996093,18583837,18583837,2306453,16277384,43,0
26024873,1529,1,7016095,7016095,26024873,19008778,19008778,9067233,9941545,77,0
26135167,1452,16,6745783,6745783,26135167,19389384,19389384,693033,18696351,16,0
26185827,1980,1,8579695,8579695,26185827,17606132,17606132,9171386,8434746,52,0
26194589,1712,4,7361819,7361819,26194589,18832770,18832770,2434478,16398292,43,0
26253908,1753,4,7548058,7548058,26253908,18705850,18705850,2427793,16278057,30,0
26275408,1616,4,7177105,7177105,26275408,19098303,19098303,2444840,16653463,34,0
26454612,1005,1,5217033,5217033,26454612,21237579,21237579,9844566,11393013,72,0
26612345,1905,4,8246489,8246489,26612345,18365856,18365856,2645103,15720753,37,0
26954402,355,2,4125671,4125671,26954402,22828731,22828731,5466029,17362702,58,0
26968008,1486,16,6901578,6901578,26968008,20066430,20066430,645723,19420707,14,0
26990210,1278,1,6197843,6197843,26990210,20792367,20792367,10331848,10460519,58,0
27107438,971,1,5128367,5128367,27107438,21979071,21979071,10554917,11424154,90,0
27277538,1372,4,6503287,6503287,27277538,20774251,20774251,2871884,17902367,52,0
27461549,1626,1,7198254,7198254,27461549,20263295,20263295,10771094,9492201,59,0
27511556,1509,1,6953756,6953756,27511556,20557800,20557800,10533749,10024051,66,0
27631171,1004,4,5215882,5215882,27631171,22415289,22415289,2897108,19518181,40,0
27691266,1697,1,7343916,7343916,27691266,20347350,20347350,10632137,9715213,79,0
27844929,11,1,2748086,2748086,27844929,25096843,25096843,11352220,13744623,81,0
27920629,1796,4,7602151,7602151,27920629,20318478,20318478,2878131,17440347,31,0
27991138,1030,1,5293985,5293985,27991138,22697153,22697153,11376564,11320589,86,0
28127116,176,4,3706250,3706250,28127116,24420866,24420866,3231832,21189034,43,0
28420801,824,1,4517924,4517924,28420801,23902877,23902877,11870736,12032141,85,0
28695488,806,2,4481458,4481458,28695488,24214030,24214030,6678829,17535201,79,0
28879745,1232,1,6112774,6112774,28879745,22766971,22766971,12225705,10541266,87,0
29180688,934,1,4873637,4873637,29180688,24307051,24307051,12594536,11712515,70,0
29230875,1507,1,6951563,6951563,29230875,22279312,22279312,11830362,10448950,64,0
29246969,1063,1,5357581,5357581,29246969,23889388,23889388,12614004,11275384,66,0
29437415,1393,1,6560601,6560601,29437415,22876814,22876814,12344195,10532619,73,0
29484508,1827,1,7788225,7788225,29484508,21696283,21696283,11793092,9903191,68,0
29918435,0,1,0,0,29918435,29918435,29918435,13407515,16510920,38,0
29990723,821,8,4513918,4513918,29990723,25476805,25476805,1869866,23606939,41,0
30002569,1375,1,6505478,6505478,30002569,23497091,23497091,13092924,10404167,73,0
30059995,1982,1,8582201,8582201,30059995,21477794,21477794,12323126,9154668,64,0
30103617,1527,16,7014092,7014092,30103617,23089525,23089525,946939,22142586,16,0
30309355,1021,1,5282404,5282404,30309355,25026951,25026951,13696087,11330864,86,0
30698685,1170,2,5920412,5920412,30698685,24778273,24778273,7689164,17089109,89,0
30712488,1383,8,6525672,6525672,30712488,24186816,24186816,1915017,22271799,26,0
30782334,947,1,5002849,5002849,30782334,25779485,25779485,14228633,11550852,68,0
30945136,1569,16,7106131,7106131,30945136,23839005,23839005,1112828,22726177,12,0
31065985,1836,4,7816085,7816085,31065985,23249900,23249900,3812366,19437534,44,0
31073681,987,4,5156373,5156373,31073681,25917308,25917308,4043601,21873707,51,0
31234100,1924,4,8311674,8311674,31234100,22922426,22922426,3987545,18934881,39,0
31263941,1971,1,8487494,8487494,31263941,22776447,22776447,13508540,9267907,62,0
31322947,1042,2,5329142,5329142,31322947,25993805,25993805,8162614,17831191,71,0
31514845,1423,4,6655022,6655022,31514845,24859823,24859823,4300922,20558901,46,0
31640908,1318,1,6404677,6404677,31640908,25236231,25236231,14999557,10236674,63,0
31806144,1106,1,5500705,5500705,31806144,26305439,26305439,15122055,11183384,111,0
32037830,1085,16,5421161,5421161,32037830,26616669,26616669,1297398,25319271,13,0
32892518,923,1,4851549,4851549,32892518,28040969,28040969,16336647,11704322,68,0
32988618,317,4,4049077,4049077,32988618,28939541,28939541,4475903,24463638,57,0
33197549,1243,1,6128672,6128672,33197549,27068877,27068877,16538593,10530284,62,0
33271968,1394,4,6564026,6564026,33271968,26707942,26707942,4909173,21798769,36,0
33737008,1431,1,6682268,6682268,33737008,27054740,27054740,16595728,10459012,73,0
34050415,501,1,4261660,4261660,34050415,29788755,29788755,17506286,12282469,101,0
34118941,1570,16,7106418,7106418,34118941,27012523,27012523,1165523,25847000,22,0
34296725,1567,1,7097487,7097487,34296725,27199238,27199238,16836290,10362948,73,0
34304603,1555,4,7071191,7071191,34304603,27233412,27233412,5076497,22156915,57,0
34341425,118,2,3439764,3439764,34341425,30901661,30901661,10206318,20695343,72,0
34355775,1792,4,7602129,7602129,34355775,26753646,26753646,5201333,21552313,45,0
34671731,204,1,3971266,3971266,34671731,30700465,30700465,18126678,12573787,62,0
34703210,173,4,3704480,3704480,34703210,30998730,30998730,5667339,25331391,53,0
34731789,1038,4,5329081,5329081,34731789,29402708,29402708,5498174,23904534,52,0
34801423,1461,4,6768428,6768428,34801423,28032995,28032995,5508845,22524150,64,0
35154865,986,2,5156351,5156351,35154865,29998514,29998514,11149212,18849302,62,0
35602916,52,4,2920577,2920577,35602916,32682339,32682339,6607772,26074567,24,0
36085365,1071,4,5383837,5383837,36085365,30701528,30701528,6716637,23984891,47,0
36393499,1043,4,5329148,5329148,36393499,31064351,31064351,7117595,23946756,54,0
36402354,1911,1,8249657,8249657,36402354,28152697,28152697,18662249,9490448,55,0
36449866,1972,1,8488328,8488328,36449866,27961538,27961538,18698039,9263499,65,0
36501185,352,4,4115495,4115495,36501185,32385690,32385690,7122244,25263446,44,0
36745012,1429,16,6675179,6675179,36745012,30069833,30069833,1832021,28237812,18,0
36818850,1471,16,6835000,6835000,36818850,29983850,29983850,1691806,28292044,26,0
36952777,1012,1,5251514,5251514,36952777,31701263,31701263,20337512,11363751,82,0
37455130,1459,4,6768372,6768372,37455130,30686758,30686758,7614569,23072189,68,0
37497136,84,4,3346852,3346852,37497136,34150284,34150284,7439434,26710850,36,0
37610020,357,4,4126379,4126379,37610020,33483641,33483641,7521122,25962519,45,0
37725023,180,4,3780198,3780198,37725023,33944825,33944825,7684848,26259977,57,0
37806773,48,1,2903531,2903531,37806773,34903242,34903242,21294432,13608810,76,0
38099113,1608,4,7164556,7164556,38099113,30934557,30934557,6103486,24831071,45,0
38303193,1186,4,5992805,5992805,38303193,32310388,32310388,7583980,24726408,49,0
38429744,1769,4,7548206,7548206,38429744,30881538,30881538,6432408,24449130,40,0
38836161,877,8,4708462,4708462,38836161,34127699,34127699,5062929,29064770,28,0
39040507,1286,4,6219950,6219950,39040507,32820557,32820557,8184971,24635586,41,0
39450144,115,2,3429876,3429876,39450144,36020268,36020268,15373585,20646683,77,0
39764935,1397,16,6573351,6573351,39764935,33191584,33191584,2596923,30594661,17,0
40243463,1551,16,7068698,7068698,40243463,33174765,33174765,2532635,30642130,25,0
40319283,1632,4,7199539,7199539,40319283,33119744,33119744,7598574,25521170,69,0
40719241,1768,4,7548198,7548198,40719241,33171043,33171043,7928630,25242413,40,0
41345174,1008,1,5222280,5222280,41345174,36122894,36122894,24734999,11387895,87,0
41581656,1045,4,5338406,5338406,41581656,36243250,36243250,10421162,25822088,62,0
41615595,1598,4,7164118,7164118,41615595,34451477,34451477,9207993,25243484,67,0
42250920,952,4,5050279,5050279,42250920,37200641,37200641,11048826,26151815,48,0
42307546,1717,4,7361864,7361864,42307546,34945682,34945682,9526755,25418927,55,0
45043803,1359,32,6485815,6485815,45043803,38557988,38557988,4904779,33653209,24,0
45177264,1305,16,6375689,6375689,45177264,38801575,38801575,7078161,31723414,11,0
45251813,1362,32,6487355,6487355,45251813,38764458,38764458,1571043,37193415,20,0
45429308,946,4,4994637,4994637,45429308,40434671,40434671,14388771,26045900,48,0
45575630,1377,16,6509815,6509815,45575630,39065815,39065815,3265035,35800780,29,0
45645145,1479,16,6855368,6855368,45645145,38789777,38789777,2585472,36204305,27,0
45832495,1378,1,6510404,6510404,45832495,39322091,39322091,28921549,10400542,77,0
45920540,31,1,2813331,2813331,45920540,43107209,43107209,29439862,13667347,82,0
46336122,1470,16,6834945,6834945,46336122,39501177,39501177,3695913,35805264,26,0
47531909,1493,16,6923888,6923888,47531909,40608021,40608021,3912543,36695478,19,0
47626432,1485,16,6901554,6901554,47626432,40724878,40724878,4583522,36141356,33,0
48846643,1430,16,6677818,6677818,48846643,42168825,42168825,6162915,36005910,30,0
49099069,1552,16,7068722,7068722,49099069,42030347,42030347,3881428,38148919,19,0
49653849,1670,1,7243232,7243232,49653849,42410617,42410617,32135139,10275478,77,0
51131732,1528,16,7014113,7014113,51131732,44117619,44117619,6167501,37950118,17,0
51167734,316,2,4045301,4045301,51167734,47122433,47122433,27167038,19955395,64,0
51349459,306,4,4034476,4034476,51349459,47314983,47314983,20354926,26960057,72,0
51734312,1907,8,8248023,8248023,51734312,43486289,43486289,5211809,38274480,36,0
52066875,1556,4,7075268,7075268,52066875,44991607,44991607,19470365,25521242,63,0
52390088,1390,4,6549400,6549400,52390088,45840688,45840688,20614103,25226585,46,0
52957573,497,4,4256651,4256651,52957573,48700922,48700922,21949110,26751812,48,0
54315868,1009,1,5235863,5235863,54315868,49080005,49080005,37715697,11364308,71,0
54342999,1437,1,6696859,6696859,54342999,47646140,47646140,37145060,10501080,72,0
54648757,1358,32,6485614,6485614,54648757,48163143,48163143,14556735,33606408,19,0
56006093,61,4,3083799,3083799,56006093,52922294,52922294,25091491,27830803,28,0
57033975,43,1,2896948,2896948,57033975,54137027,54137027,40516121,13620906,74,0
57485815,114,2,3429696,3429696,57485815,54056119,54056119,33711019,20345100,83,0
58842952,991,4,5161196,5161196,58842952,53681756,53681756,28027068,25654688,52,0
59097361,1991,8,8752161,8752161,59097361,50345200,50345200,9283023,41062177,28,0
59521553,1934,8,8358534,8358534,59521553,51163019,51163019,12626011,38537008,32,0
64750060,1999,8,8799232,8799232,64750060,55950828,55950828,15270055,40680773,27,0
66936590,1656,16,7236122,7236122,66936590,59700468,59700468,20283860,39416608,22,0
67419696,1572,16,7107981,7107981,67419696,60311715,60311715,20970735,39340980,15,0
71147325,1374,4,6504186,6504186,71147325,64643139,64643139,39621487,25021652,57,0
72199608,1657,16,7236229,7236229,72199608,64963379,64963379,23465075,41498304,19,0
79421187,1568,8,7103892,7103892,79421187,72317295,72317295,39626239,32691056,29,0
79712463,35,1,2829921,2829921,79712463,76882542,76882542,63231791,13650751,97,0
105167233,1935,8,8365882,8365882,105167233,96801351,96801351,57571155,39230196,32,0
182071882,10,1,2747192,2747192,182071882,179324690,179324690,165559256,13765434,76,0
