time,job_id,num_gpu,submit_time,start_time,end_time,executed_time,JCT,duration,pending_time,preempt,promote
931258,21,4,912416,912416,931258,18842,18842,18842,0,0,0
931389,24,16,926450,926450,931389,4939,4939,4939,0,0,0
976589,25,16,926459,931389,976589,45200,50130,45200,4930,0,0
985990,41,1,982125,982125,985990,3865,3865,3865,0,0,0
1000104,39,4,963028,963028,1000104,37076,37076,37076,0,0,0
1002141,47,1,993353,993353,1002141,8788,8788,8788,0,0,0
1005484,53,1,1003841,1003841,1005484,1643,1643,1643,0,0,0
1009393,58,1,1007947,1007947,1009393,1446,1446,1446,0,0,0
1011366,55,8,1004200,1005202,1011366,6164,7166,6164,1002,0,0
1012535,57,1,1006297,1006297,1012535,6238,6238,6238,0,0,0
1018070,42,4,989813,1000104,1018070,17966,28257,17966,10291,0,0
1025734,64,4,1023510,1023955,1025734,1779,2224,1779,445,0,0
1027220,49,4,999486,1004148,1027220,23072,27734,23072,4662,0,0
1039575,18,1,906242,906242,1039575,133333,133333,133333,0,0,0
1044629,63,1,1022908,1022908,1044629,21721,21721,21721,0,0,0
1051316,32,8,946857,946857,1051316,104459,104459,104459,0,0,0
1057446,73,8,1033426,1033426,1057446,24020,24020,24020,0,0,0
1057540,22,4,912464,912464,1057540,145076,145076,145076,0,0,0
1086977,86,1,1078349,1078349,1086977,8628,8628,8628,0,0,0
1113168,30,8,931720,956090,1113168,157078,181448,157078,24370,0,0
1114631,91,1,1083560,1083560,1114631,31071,31071,31071,0,0,0
1116292,1,8,336541,336541,1116292,779751,779751,779751,0,0,0
1129450,17,1,906050,906050,1129450,223400,223400,223400,0,0,0
1133144,83,4,1068634,1068634,1133144,64510,64510,64510,0,0,0
1139216,122,8,1115754,1116292,1139216,22924,23462,22924,538,0,0
1150477,54,1,1004148,1004148,1150477,146329,146329,146329,0,0,0
1160074,62,16,1022622,1057540,1160074,102534,137452,102534,34918,0,0
1166593,126,4,1149652,1160074,1166593,6519,16941,6519,10422,0,0
1172229,116,8,1105595,1113168,1172229,59061,66634,59061,7573,0,0
1174016,130,1,1158164,1158164,1174016,15852,15852,15852,0,0,0
1174693,131,1,1158343,1158343,1174693,16350,16350,16350,0,0,0
1181992,141,4,1163262,1163262,1181992,18730,18730,18730,0,0,0
1183985,95,1,1093901,1093901,1183985,90084,90084,90084,0,0,0
1185991,111,1,1099017,1099017,1185991,86974,86974,86974,0,0,0
1187101,124,4,1119028,1133144,1187101,53957,68073,53957,14116,0,0
1198101,66,8,1024189,1025734,1198101,172367,173912,172367,1545,0,0
1203924,76,1,1058834,1058834,1203924,145090,145090,145090,0,0,0
1206025,70,4,1028741,1028741,1206025,177284,177284,177284,0,0,0
1206916,71,4,1029550,1029550,1206916,177366,177366,177366,0,0,0
1210146,114,8,1099265,1139216,1210146,70930,110881,70930,39951,0,0
1223612,43,4,990126,1004148,1223612,219464,233486,219464,14022,0,0
1226214,151,1,1165398,1165398,1226214,60816,60816,60816,0,0,0
1229099,170,4,1194187,1198101,1229099,30998,34912,30998,3914,0,0
1237035,177,1,1234963,1234963,1237035,2072,2072,2072,0,0,0
1237650,117,8,1105635,1160074,1237650,77576,132015,77576,54439,0,0
1238896,171,4,1194668,1198101,1238896,40795,44228,40795,3433,0,0
1250682,140,1,1161628,1161628,1250682,89054,89054,89054,0,0,0
1252001,20,4,912363,912363,1252001,339638,339638,339638,0,0,0
1256230,181,4,1241695,1241695,1256230,14535,14535,14535,0,0,0
1267059,89,1,1078558,1078558,1267059,188501,188501,188501,0,0,0
1268369,195,4,1251897,1252001,1268369,16368,16472,16368,104,0,0
1270189,202,4,1255332,1256230,1270189,13959,14857,13959,898,0,0
1270720,159,1,1165542,1165542,1270720,105178,105178,105178,0,0,0
1274247,142,1,1165251,1165251,1274247,108996,108996,108996,0,0,0
1275147,72,1,1030698,1030698,1275147,244449,244449,244449,0,0,0
1282302,156,1,1165490,1165490,1282302,116812,116812,116812,0,0,0
1285237,199,4,1255259,1267059,1285237,18178,29978,18178,11800,0,0
1287701,56,8,1005202,1007947,1287701,279754,282499,279754,2745,0,0
1294887,196,1,1252909,1252909,1294887,41978,41978,41978,0,0,0
1297984,88,2,1078520,1078520,1297984,219464,219464,219464,0,0,0
1310986,133,1,1161506,1161506,1310986,149480,149480,149480,0,0,0
1315361,121,8,1114608,1172229,1315361,143132,200753,143132,57621,0,0
1330048,214,4,1279070,1279070,1330048,50978,50978,50978,0,0,0
1346890,212,8,1277547,1287701,1346890,59189,69343,59189,10154,0,0
1347735,228,8,1326576,1346890,1347735,845,21159,845,20314,0,0
1348564,213,4,1278989,1279070,1348564,69494,69575,69494,81,0,0
1351301,182,1,1244100,1244100,1351301,107201,107201,107201,0,0,0
1352044,33,16,952206,963028,1352044,389016,399838,389016,10822,0,0
1355138,174,16,1223535,1352044,1355138,3094,131603,3094,128509,0,0
1373383,238,4,1369754,1369754,1373383,3629,3629,3629,0,0,0
1375034,226,16,1312082,1355138,1375034,19896,62952,19896,43056,0,0
1376114,68,8,1025799,1025799,1376114,350315,350315,350315,0,0,0
1376722,235,1,1365390,1365390,1376722,11332,11332,11332,0,0,0
1377361,233,16,1357023,1375034,1377361,2327,20338,2327,18011,0,0
1381832,232,16,1355804,1377361,1381832,4471,26028,4471,21557,0,0
1388696,191,1,1251322,1251322,1388696,137374,137374,137374,0,0,0
1396582,237,16,1368374,1381832,1396582,14750,28208,14750,13458,0,0
1397895,223,8,1293192,1294887,1397895,103008,104703,103008,1695,0,0
1400433,186,1,1245315,1245315,1400433,155118,155118,155118,0,0,0
1403093,215,1,1280138,1280138,1403093,122955,122955,122955,0,0,0
1410759,200,4,1255294,1268369,1410759,142390,155465,142390,13075,0,0
1412799,128,8,1155403,1210146,1412799,202653,257396,202653,54743,0,0
1413185,243,16,1372999,1396582,1413185,16603,40186,16603,23583,0,0
1416273,52,4,1000852,1011366,1416273,404907,415421,404907,10514,0,0
1417373,247,4,1378546,1397895,1417373,19478,38827,19478,19349,0,0
1436934,241,4,1371422,1372999,1436934,63935,65512,63935,1577,0,0
1441409,92,1,1087027,1087027,1441409,354382,354382,354382,0,0,0
1447485,251,4,1431972,1436934,1447485,10551,15513,10551,4962,0,0
1467741,239,4,1370008,1372999,1467741,94742,97733,94742,2991,0,0
1468354,259,4,1466312,1467741,1468354,613,2042,613,1429,0,0
1469444,188,16,1245523,1413185,1469444,56259,223921,56259,167662,0,0
1473303,240,4,1371390,1373383,1473303,99920,101913,99920,1993,0,0
1480447,257,4,1462880,1468354,1480447,12093,17567,12093,5474,0,0
1481702,165,1,1167735,1167735,1481702,313967,313967,313967,0,0,0
1483986,252,4,1432024,1447485,1483986,36501,51962,36501,15461,0,0
1485914,256,16,1450087,1469444,1485914,16470,35827,16470,19357,0,0
1488765,168,1,1178118,1178118,1488765,310647,310647,310647,0,0,0
1497149,205,8,1262028,1315361,1497149,181788,235121,181788,53333,0,0
1505383,263,4,1500042,1501577,1505383,3806,5341,3806,1535,0,0
1519617,265,4,1501577,1505383,1519617,14234,18040,14234,3806,0,0
1527470,160,1,1167323,1167323,1527470,360147,360147,360147,0,0,0
1535086,15,4,884079,884079,1535086,651007,651007,651007,0,0,0
1537294,87,1,1078499,1078499,1537294,458795,458795,458795,0,0,0
1544652,45,4,991447,1011366,1544652,533286,553205,533286,19919,1,0
1556440,48,1,996568,996568,1556440,559872,559872,559872,0,4,0
1559794,260,4,1495907,1497149,1559794,62645,63887,62645,1242,0,0
1565419,51,1,999843,999843,1565419,565576,565576,565576,0,9,0
1567288,269,4,1542833,1544652,1567288,22636,24455,22636,1819,0,0
1568424,216,16,1283033,1485914,1568424,82510,285391,82510,202881,0,0
1576853,261,4,1497030,1497149,1576853,79704,79823,79704,119,0,0
1588092,280,8,1584868,1587106,1588092,986,3224,986,2238,0,0
1591187,82,1,1064215,1064215,1591187,526972,526972,526972,0,32,0
1594531,283,1,1590920,1590920,1594531,3611,3611,3611,0,0,0
1594878,291,1,1593034,1593034,1594878,1844,1844,1844,0,0,0
1596522,286,1,1592992,1592992,1596522,3530,3530,3530,0,0,0
1599058,272,8,1546316,1568424,1599058,30634,52742,30634,22108,0,0
1601355,60,4,1020508,1020508,1601355,580847,580847,565127,15720,19,0
1602288,289,1,1593019,1593019,1602288,9269,9269,9269,0,0,0
1602620,290,1,1593027,1593027,1602620,9593,9593,9593,0,0,0
1604530,104,1,1095751,1095751,1604530,508779,508779,508779,0,41,0
1608460,300,4,1601178,1601355,1608460,7105,7282,7105,177,0,0
1610039,341,1,1609030,1609030,1610039,1009,1009,1009,0,0,0
1610482,347,1,1609092,1609092,1610482,1390,1390,1390,0,0,0
1610589,315,1,1608786,1608786,1610589,1803,1803,1803,0,0,0
1610733,343,1,1609064,1609064,1610733,1669,1669,1669,0,0,0
1610819,328,1,1608902,1608902,1610819,1917,1917,1917,0,0,0
1610975,314,1,1608778,1608778,1610975,2197,2197,2197,0,0,0
1611187,313,1,1608770,1608770,1611187,2417,2417,2417,0,0,0
1612162,310,1,1608397,1608397,1612162,3765,3765,3765,0,0,0
1612396,321,1,1608835,1608835,1612396,3561,3561,3561,0,0,0
1614091,348,1,1609100,1609100,1614091,4991,4991,4991,0,0,0
1614200,305,4,1602931,1608460,1614200,5740,11269,5740,5529,0,0
1614470,338,1,1609005,1609005,1614470,5465,5465,5465,0,0,0
1615419,304,4,1602805,1608762,1615419,6657,12614,6657,5957,0,0
1616132,312,1,1608762,1608762,1616132,7370,7370,7370,0,0,0
1616634,354,1,1612763,1612763,1616634,3871,3871,3871,0,0,0
1620327,112,1,1099054,1099054,1620327,521273,521273,521221,52,51,0
1621871,301,4,1601204,1608814,1621871,13057,20667,13057,7610,0,0
1622257,275,2,1560182,1560182,1622257,62075,62075,62075,0,0,0
1623492,337,1,1608998,1608998,1623492,14494,14494,14494,0,0,0
1626965,320,1,1608828,1608828,1626965,18137,18137,18137,0,0,0
1627645,288,1,1593012,1593012,1627645,34633,34633,34633,0,0,0
1633740,245,4,1373901,1376114,1633740,257626,259839,257626,2213,0,0
1634983,351,1,1609140,1609140,1634983,25843,25843,25843,0,0,0
1635311,334,1,1608974,1608974,1635311,26337,26337,26337,0,0,0
1638039,336,1,1608991,1608991,1638039,29048,29048,29048,0,0,0
1639936,339,1,1609014,1609014,1639936,30922,30922,30922,0,0,0
1643446,346,1,1609085,1609085,1643446,34361,34361,34361,0,0,0
1644498,309,1,1608348,1608348,1644498,36150,36150,36150,0,0,0
1646801,349,1,1609126,1609126,1646801,37675,37675,37675,0,0,0
1647902,295,1,1593071,1593071,1647902,54831,54831,54831,0,0,0
1648519,332,1,1608935,1608935,1648519,39584,39584,39584,0,0,0
1648995,296,8,1599339,1599339,1648995,49656,49656,49656,0,0,0
1649290,333,1,1608942,1608942,1649290,40348,40348,40348,0,0,0
1652371,356,8,1629463,1648995,1652371,3376,22908,3376,19532,0,0
1659409,323,1,1608850,1608850,1659409,50559,50559,50559,0,0,0
1659875,318,1,1608814,1608814,1659875,51061,51061,51061,0,0,0
1663165,287,1,1593003,1593003,1663165,70162,70162,70162,0,0,0
1664870,363,1,1664264,1664264,1664870,606,606,606,0,0,0
1673599,277,8,1580632,1587573,1673599,86026,92967,86026,6941,0,0
1675185,137,1,1161592,1161592,1675185,513593,513593,513449,144,26,0
1683406,317,1,1608801,1608801,1683406,74605,74605,74605,0,0,0
1686126,285,1,1592985,1592985,1686126,93141,93141,93141,0,0,0
1687138,85,16,1078287,1593057,1687138,94081,608851,94081,514770,0,0
1689148,157,1,1165508,1165542,1689148,523606,523640,523606,34,16,0
1696309,135,1,1161554,1161554,1696309,534755,534755,532683,2072,18,0
1703059,366,1,1678208,1678208,1703059,24851,24851,24851,0,0,0
1704263,183,4,1245265,1270189,1704263,434074,458998,434074,24924,0,0
1711063,344,1,1609071,1609071,1711063,101992,101992,101992,0,0,0
1712691,353,16,1610336,1687138,1712691,25553,102355,25553,76802,0,0
1714496,322,1,1608843,1608843,1714496,105653,105653,105653,0,0,0
1722170,470,4,1712214,1712691,1722170,9479,9956,9479,477,0,0
1727398,476,4,1714667,1722170,1727398,5228,12731,5228,7503,0,0
1740769,472,4,1713270,1727398,1740769,13371,27499,13371,14128,0,0
1742624,327,1,1608894,1608894,1742624,133730,133730,133730,0,0,0
1750131,404,1,1690844,1690844,1750131,59287,59287,59287,0,0,0
1755889,244,4,1373136,1376114,1755889,379775,382753,379775,2978,0,0
1759874,319,1,1608822,1608822,1759874,151052,151052,151052,0,0,0
1761287,480,4,1754118,1755889,1761287,5398,7169,5398,1771,0,0
1764898,40,1,981636,981636,1764898,783262,783262,779201,4061,74,0
1776502,394,1,1690772,1690772,1776502,85730,85730,85730,0,0,0
1777061,224,16,1297699,1593064,1777061,183997,479362,183997,295365,0,0
1777472,484,4,1775797,1777061,1777472,411,1675,411,1264,0,0
1778030,61,8,1022485,1041491,1778030,736539,755545,591447,164098,2,0
1790112,385,1,1690711,1690711,1790112,99401,99401,99401,0,0,0
1792483,372,1,1690262,1690262,1792483,102221,102221,102221,0,0,0
1792579,406,1,1690857,1690857,1792579,101722,101722,101722,0,0,0
1792698,402,1,1690828,1690828,1792698,101870,101870,101870,0,0,0
1792901,384,1,1690704,1690704,1792901,102197,102197,102197,0,0,0
1792986,382,1,1690688,1690688,1792986,102298,102298,102298,0,0,0
1796020,274,4,1550798,1559794,1796020,236226,245222,236226,8996,0,0
1800277,429,1,1691284,1691284,1800277,108993,108993,108993,0,0,0
1803574,401,1,1690821,1690821,1803574,112753,112753,112753,0,0,0
1803964,335,1,1608983,1608983,1803964,194981,194981,194981,0,0,0
1804519,451,1,1691800,1691800,1804519,112719,112719,112719,0,0,0
1805882,477,8,1724431,1777061,1805882,28821,81451,28821,52630,0,0
1807215,445,1,1691652,1691652,1807215,115563,115563,115563,0,0,0
1807916,330,1,1608921,1608921,1807916,198995,198995,198995,0,0,0
1816988,357,1,1634921,1634921,1816988,182067,182067,182067,0,0,0
1819892,127,1,1152816,1152816,1819892,667076,667076,656734,10342,31,0
1829006,129,1,1157802,1157802,1829006,671204,671204,653007,18197,25,0
1832150,352,1,1609148,1610482,1832150,221668,223002,221668,1334,1,0
1833192,367,1,1685457,1685457,1833192,147735,147735,147735,0,0,0
1835162,294,1,1593064,1593064,1835162,242098,242098,240635,1463,2,0
1841503,345,1,1609078,1609078,1841503,232425,232425,230792,1633,2,0
1843594,138,1,1161607,1161607,1843594,681987,681987,657531,24456,20,0
1851174,284,1,1592975,1592975,1851174,258199,258199,256309,1890,4,0
1857127,303,4,1602535,1608835,1857127,248292,254592,243106,11486,1,0
1858747,329,1,1608914,1608914,1858747,249833,249833,247724,2109,11,0
1858798,490,4,1842655,1857127,1858798,1671,16143,1671,14472,0,0
1866557,299,4,1601071,1601071,1866557,265486,265486,259050,6436,3,0
1867368,292,1,1593050,1593050,1867368,274318,274318,271209,3109,18,0
1876048,505,8,1867662,1874026,1876048,2022,8386,2022,6364,0,0
1886753,467,8,1702189,1712691,1886753,174062,184564,174062,10502,0,0
1887310,311,1,1608755,1608755,1887310,278555,278555,273838,4717,16,0
1887898,507,1,1873295,1873295,1887898,14603,14603,14603,0,0,0
1888373,307,8,1604537,1652371,1888373,236002,283836,236002,47834,0,0
1893121,316,1,1608793,1608793,1893121,284328,284328,278817,5511,16,0
1895474,255,1,1450085,1450085,1895474,445389,445389,438178,7211,15,0
1896787,500,8,1862599,1876048,1896787,20739,34188,20739,13449,0,0
1901650,262,4,1498794,1519617,1901650,382033,402856,368976,33880,2,0
1905343,342,1,1609055,1616634,1905343,288709,296288,288709,7579,6,0
1909009,514,8,1886160,1886753,1909009,22256,22849,22256,593,0,0
1925945,509,1,1874029,1874029,1925945,51916,51916,51916,0,0,0
1937580,407,1,1690862,1690862,1937580,246718,246718,246718,0,0,0
1940125,520,4,1925297,1937580,1940125,2545,14828,2545,12283,0,0
1945332,492,4,1844396,1858798,1945332,86534,100936,86534,14402,0,0
1947384,227,2,1322871,1322871,1947384,624513,624513,609923,14590,37,0
1947837,77,1,1061017,1061017,1947837,886820,886820,845500,41320,140,0
1948035,532,1,1944973,1944973,1948035,3062,3062,3062,0,0,0
1948927,225,8,1300071,1347735,1948927,601192,648856,498668,150188,2,0
1959275,409,1,1690866,1690866,1959275,268409,268409,268409,0,0,0
1961762,326,1,1608886,1622257,1961762,339505,352876,339505,13371,8,0
1967158,552,1,1966322,1966322,1967158,836,836,836,0,0,0
1967849,551,1,1966298,1966298,1967849,1551,1551,1551,0,0,0
1974444,488,4,1840397,1866557,1974444,107887,134047,107887,26160,0,0
1975260,556,1,1974128,1974128,1975260,1132,1132,1132,0,0,0
1975313,469,4,1712122,1712691,1975313,262622,263191,262622,569,0,0
1982942,246,4,1378443,1397895,1982942,585047,604499,542672,61827,7,0
1984685,531,4,1944769,1944973,1984685,39712,39916,39712,204,0,0
1987281,481,4,1766927,1777061,1987281,210220,220354,210220,10134,0,0
1988584,534,4,1949120,1974444,1988584,14140,39464,14140,25324,0,0
1991860,482,1,1773103,1773103,1991860,218757,218757,218757,0,0,0
1994012,511,1,1876368,1876368,1994012,117644,117644,117644,0,0,0
1994778,550,1,1966274,1966274,1994778,28504,28504,28504,0,0,0
1995470,560,2,1978854,1978854,1995470,16616,16616,16616,0,0,0
1996183,457,1,1691957,1691957,1996183,304226,304226,304226,0,12,0
2004285,234,1,1359082,1359082,2004285,645203,645203,628310,16893,102,0
2004655,513,16,1884835,1987281,2004655,17374,119820,17374,102446,0,0
2009229,567,2,1981247,1981247,2009229,27982,27982,27982,0,0,0
2010095,603,1,2008146,2008146,2010095,1949,1949,1949,0,0,0
2011072,613,1,2008386,2008386,2011072,2686,2686,2686,0,0,0
2011731,597,1,2007995,2007995,2011731,3736,3736,3736,0,0,0
2034200,293,1,1593057,1593057,2034200,441143,441143,416508,24635,108,0
2036652,601,1,2008130,2008130,2036652,28522,28522,28522,0,0,0
2037215,614,1,2008408,2008408,2037215,28807,28807,28807,0,0,0
2041105,607,1,2008290,2008290,2041105,32815,32815,32815,0,0,0
2041150,592,1,2007925,2007925,2041150,33225,33225,33225,0,0,0
2050608,548,1,1966198,1966198,2050608,84410,84410,84410,0,0,0
2051165,582,4,2001933,2004655,2051165,46510,49232,46510,2722,0,0
2051891,544,1,1965715,1965715,2051891,86176,86176,86176,0,0,0
2055146,598,1,2008086,2008086,2055146,47060,47060,47060,0,0,0
2059580,569,1,1982000,1982000,2059580,77580,77580,77580,0,0,0
2060323,487,8,1821990,1888373,2060323,171950,238333,171950,66383,0,0
2060906,604,1,2008157,2008157,2060906,52749,52749,52749,0,0,0
2064114,605,1,2008170,2008170,2064114,55944,55944,55944,0,0,0
2066940,187,1,1245511,1245511,2066940,821429,821429,783417,38012,181,0
2076324,568,1,1981979,1981979,2076324,94345,94345,94345,0,0,0
2082263,599,1,2008098,2008098,2082263,74165,74165,74165,0,0,0
2086053,595,1,2007965,2007965,2086053,78088,78088,78088,0,0,0
2090076,297,4,1601032,1740769,2090076,349307,489044,349307,139737,0,0
2096556,189,1,1245524,1245524,2096556,851032,851032,810009,41023,216,0
2096910,620,1,2058069,2058069,2096910,38841,38841,38841,0,0,0
2097699,208,8,1272262,1412799,2097699,684900,825437,515632,309805,1,0
2098923,426,1,1690924,1690924,2098923,407999,407999,395020,12979,24,0
2104551,617,8,2013159,2051165,2104551,53386,91392,53386,38006,0,0
2113225,350,1,1609133,1633740,2113225,479485,504092,466146,37946,100,0
2113564,593,1,2007937,2007937,2113564,105627,105627,105627,0,0,0
2115802,600,1,2008116,2008116,2115802,107686,107686,107686,0,0,0
2119285,324,1,1608857,1633740,2119285,485545,510428,472086,38342,85,0
2128188,576,2,1996785,1996785,2128188,131403,131403,131403,0,0,0
2129893,545,1,1965766,1965766,2129893,164127,164127,164127,0,0,0
2132136,162,1,1167697,1187101,2132136,945035,964439,888019,76420,224,0
2138046,501,1,1862795,1862795,2138046,275251,275251,275251,0,0,0
2157657,502,4,1863192,1873295,2157657,284362,294465,284362,10103,0,0
2158183,143,1,1165268,1187101,2158183,971082,992915,904899,88016,225,0
2159340,266,8,1523791,1541381,2159340,617959,635549,405422,230127,2,0
2163288,583,1,2006324,2006324,2163288,156964,156964,156964,0,0,0
2165556,622,8,2133105,2159340,2165556,6216,32451,6216,26235,0,0
2171849,636,2,2153195,2153195,2171849,18654,18654,18654,0,0,0
2175247,504,1,1864812,1864812,2175247,310435,310435,310435,0,0,0
2176201,627,8,2150018,2165556,2176201,10645,26183,10645,15538,0,0
2186598,561,8,1978879,1979127,2186598,207471,207719,207471,248,0,0
2188875,649,4,2186327,2186598,2188875,2277,2548,2277,271,0,0
2189212,546,1,1966138,1966138,2189212,223074,223074,223074,0,0,0
2197974,555,1,1972359,1972359,2197974,225615,225615,225615,0,0,0
2199364,506,8,1872651,1896787,2199364,302577,326713,302577,24136,0,0
2199998,656,4,2197006,2199364,2199998,634,2992,634,2358,0,0
2206054,648,1,2183536,2183536,2206054,22518,22518,22518,0,0,0
2207443,651,4,2190311,2199364,2207443,8079,17132,8079,9053,0,0
2213277,281,4,1587106,1588092,2213277,625185,626171,440770,185401,1,0
2224447,331,1,1608929,1639936,2224447,584511,615518,528275,87243,71,0
2232551,638,1,2153529,2153529,2232551,79022,79022,79022,0,0,0
2243543,660,4,2206543,2207443,2243543,36100,37000,36100,900,0,0
2246642,176,1,1233879,1233879,2246642,1012763,1012763,901824,110939,214,0
2250361,658,4,2200224,2213277,2250361,37084,50137,37084,13053,0,0
2257843,671,1,2223276,2223276,2257843,34567,34567,34567,0,0,0
2258902,647,1,2182300,2182300,2258902,76602,76602,76602,0,0,0
2259201,685,1,2249168,2249168,2259201,10033,10033,10033,0,0,0
2269380,672,4,2223453,2224447,2269380,44933,45927,44933,994,0,0
2275924,655,4,2192489,2199998,2275924,75926,83435,75926,7509,0,0
2280161,389,1,1690738,1690738,2280161,589423,589423,520370,69053,25,0
2281671,395,1,1690780,1761287,2281671,520384,590891,520384,70507,14,0
2291513,612,1,2008376,2008376,2291513,283137,283137,283137,0,0,0
2292680,433,1,1691387,1761287,2292680,531393,601293,531393,69900,15,0
2294034,577,4,1999867,2004655,2294034,289379,294167,289379,4788,0,0
2296269,101,1,1095578,1095578,2296269,1200691,1200691,1046718,153973,269,0
2308539,681,1,2237299,2237299,2308539,71240,71240,71240,0,0,0
2309743,588,1,2007737,2007737,2309743,302006,302006,302006,0,0,0
2310973,703,1,2308721,2308721,2310973,2252,2252,2252,0,0,0
2311310,210,8,1273276,1417373,2311310,893937,1038034,577992,460042,1,0
2313301,693,4,2285347,2292680,2313301,20621,27954,20621,7333,0,0
2316231,708,8,2310700,2311310,2316231,4921,5531,4921,610,0,0
2317379,496,4,1846107,1901650,2317379,415729,471272,415729,55543,0,0
2317544,591,1,2007912,2007912,2317544,309632,309632,309632,0,0,0
2320364,692,8,2281652,2305032,2320364,15332,38712,15332,23380,0,0
2320919,549,1,1966249,1966249,2320919,354670,354670,354670,0,0,0
2321521,626,8,2149297,2176201,2321521,145320,172224,145320,26904,0,0
2323899,713,1,2318623,2318623,2323899,5276,5276,5276,0,0,0
2327462,491,1,1842658,1842658,2327462,484804,484804,484804,0,2,0
2330279,711,4,2314770,2314770,2330279,15509,15509,15509,0,0,0
2330960,634,2,2153142,2153142,2330960,177818,177818,177818,0,0,0
2334872,695,1,2295536,2295536,2334872,39336,39336,39336,0,0,0
2343719,579,4,1999909,2004655,2343719,339064,343810,339064,4746,0,0
2348399,676,1,2225454,2225454,2348399,122945,122945,122945,0,0,0
2349777,669,8,2220859,2250361,2349777,99416,128918,99416,29502,0,0
2353806,340,1,1609023,1659409,2353806,694397,744783,623848,120935,68,0
2361055,529,4,1943224,1945332,2361055,415723,417831,415723,2108,18,0
2369456,724,1,2330881,2330881,2369456,38575,38575,38575,0,0,0
2379622,554,1,1969507,1969507,2379622,410115,410115,409294,821,21,0
2380087,508,1,1874026,1874026,2380087,506061,506061,505218,843,34,0
2382379,725,8,2335207,2349777,2382379,32602,47172,32602,14570,0,0
2388689,740,4,2379419,2382379,2388689,6310,9270,6310,2960,0,0
2395607,729,1,2356683,2356683,2395607,38924,38924,38924,0,0,0
2396941,610,1,2008353,2008353,2396941,388588,388588,386869,1719,10,0
2399870,590,1,2007847,2007847,2399870,392023,392023,389304,2719,21,0
2400711,154,1,1165455,1203924,2400711,1196787,1235256,1048928,186328,266,0
2408245,755,1,2406881,2406881,2408245,1364,1364,1364,0,0,0
2413366,761,1,2410799,2410799,2413366,2567,2567,2567,0,0,0
2417314,736,4,2373939,2373939,2417314,43375,43375,43375,0,0,0
2417786,675,8,2225095,2316231,2417786,101555,192691,101555,91136,0,0
2424796,594,1,2007948,2007948,2424796,416848,416848,390818,26030,21,0
2428115,697,8,2304602,2320364,2428115,107751,123513,107751,15762,0,0
2429521,674,8,2224179,2321521,2429521,108000,205342,108000,97342,0,0
2439005,709,8,2312146,2330881,2439005,108124,126859,108124,18735,0,0
2441562,759,1,2409923,2409923,2441562,31639,31639,31639,0,0,0
2442751,661,4,2206543,2225095,2442751,217656,236208,217656,18552,0,0
2461523,621,8,2126772,2188875,2461523,272648,334751,272648,62103,0,0
2463826,741,8,2379991,2388689,2463826,75137,83835,75137,8698,0,0
2469233,525,1,1934900,1934900,2469233,534333,534333,505838,28495,49,0
2471692,659,4,2204380,2225454,2471692,246238,267312,246238,21074,0,0
2474590,611,1,2008366,2037215,2474590,437375,466224,436649,29575,9,0
2475766,781,8,2462128,2463826,2475766,11940,13638,11940,1698,0,0
2478165,782,1,2464078,2464078,2478165,14087,14087,14087,0,0,0
2479268,775,1,2450238,2450238,2479268,29030,29030,29030,0,0,0
2479774,783,8,2466707,2471692,2479774,8082,13067,8082,4985,0,0
2489156,562,2,1979101,1979101,2489156,510055,510055,461555,48500,35,0
2504519,694,1,2288358,2288358,2504519,216161,216161,216161,0,0,0
2516693,779,8,2454686,2461523,2516693,55170,62007,55170,6837,0,0
2527246,749,8,2404498,2417314,2527246,109932,122748,109932,12816,0,0
2528778,756,8,2407234,2417786,2528778,110992,121544,110992,10552,0,0
2534707,38,8,961993,976589,2534707,1558118,1572714,707797,864917,14,0
2535647,816,4,2530447,2533783,2535647,1864,5200,1864,3336,0,0
2537599,712,1,2317985,2317985,2537599,219614,219614,219614,0,0,0
2540528,596,1,2007980,2007980,2540528,532548,532548,484625,47923,14,0
2541717,791,1,2482274,2482274,2541717,59443,59443,59443,0,0,0
2542398,773,8,2446077,2475766,2542398,66632,96321,66632,29689,0,0
2543878,769,1,2420202,2420202,2543878,123676,123676,123676,0,0,0
2548219,625,1,2149233,2149233,2548219,398986,398986,398986,0,0,0
2549651,809,8,2507193,2516693,2549651,32958,42458,32958,9500,0,0
2555830,814,4,2528328,2528778,2555830,27052,27502,27052,450,0,0
2558786,190,1,1245696,1245696,2558786,1313090,1313090,1083946,229144,276,0
2561265,815,4,2530428,2530428,2561265,30837,30837,30837,0,0,0
2562064,787,8,2479353,2479774,2562064,82290,82711,82290,421,0,0
2579382,757,16,2407489,2562064,2579382,17318,171893,17318,154575,0,0
2580700,715,8,2319624,2428115,2580700,152585,261076,152585,108491,0,0
2583436,219,4,1284627,1285237,2583436,1298199,1298809,702524,596285,51,0
2583452,826,4,2550621,2550621,2583452,32831,32831,32831,0,0,0
2594212,553,1,1968041,1968041,2594212,626171,626171,570871,55300,61,0
2601450,766,16,2419971,2579382,2601450,22068,181479,22068,159411,0,0
2607932,665,8,2209978,2429521,2607932,178411,397954,178411,219543,0,0
2613060,489,1,1842565,1842565,2613060,770495,770495,714510,55985,127,0
2618390,702,16,2308613,2583436,2618390,34954,309777,34954,274823,0,0
2636409,543,1,1964282,1964282,2636409,672127,672127,607223,64904,56,0
2636826,812,8,2519332,2527246,2636826,109580,117494,109580,7914,0,0
2639831,819,4,2533783,2534707,2639831,105124,106048,105124,924,0,0
2640314,657,4,2199808,2234146,2640314,406168,440506,406168,34338,0,0
2640813,777,8,2452014,2489156,2640813,151657,188799,151657,37142,0,0
2652756,808,8,2502249,2542398,2652756,110358,150507,110358,40149,0,0
2653924,664,8,2207663,2439005,2653924,214919,446261,214919,231342,0,0
2658440,643,16,2158700,2601450,2658440,56990,499740,56990,442750,0,0
2662276,822,1,2540419,2540419,2662276,121857,121857,121857,0,0,0
2673013,837,2,2662093,2662093,2673013,10920,10920,10920,0,0,0
2676859,204,1,1261278,1261278,2676859,1415581,1415581,1138341,277240,301,0
2680066,721,7,2329770,2330279,2680066,349787,350296,349787,509,0,0
2681978,679,8,2234074,2442751,2681978,239227,447904,239227,208677,0,0
2690375,813,4,2528322,2528322,2690375,162053,162053,161129,924,1,0
2698959,788,16,2480259,2618390,2698959,80569,218700,80569,138131,0,0
2714444,856,1,2705681,2705681,2714444,8763,8763,8763,0,0,0
2715293,827,4,2550634,2550634,2715293,164659,164659,164659,0,0,0
2717431,630,1,2152257,2152257,2717431,565174,565174,565174,0,39,0
2722830,680,16,2234146,2640314,2722830,82516,488684,82516,406168,0,0
2729118,494,4,1845683,2104551,2729118,624567,883435,577638,305797,13,0
2731645,851,4,2668703,2668703,2731645,62942,62942,62942,0,0,0
2733989,825,2,2548896,2548896,2733989,185093,185093,185093,0,0,0
2742457,768,16,2420131,2652756,2742457,89701,322326,89701,232625,0,0
2744564,464,1,1692174,1792579,2744564,951985,1052390,867381,185009,244,0
2748913,880,8,2738970,2742457,2748913,6456,9943,6456,3487,0,0
2751614,810,16,2509422,2658440,2751614,93174,242192,93174,149018,0,0
2755930,302,2,1601625,1792698,2755930,963232,1154305,852892,301413,277,0
2760656,890,1,2750632,2750632,2760656,10024,10024,10024,0,0,0
2761059,831,1,2605962,2605962,2761059,155097,155097,155097,0,0,0
2764623,375,1,1690292,1792986,2764623,971637,1074331,868900,205431,337,0
2765888,861,2,2736332,2736332,2765888,29556,29556,29556,0,0,0
2772029,875,16,2737400,2751614,2772029,20415,34629,20415,14214,0,0
2774333,912,4,2771579,2772029,2774333,2304,2754,2304,450,0,0
2776225,898,1,2755645,2755645,2776225,20580,20580,20580,0,0,0
2779831,894,4,2754107,2754107,2779831,25724,25724,25724,0,0,0
2780794,905,8,2767308,2772029,2780794,8765,13486,8765,4721,0,0
2789757,850,4,2668600,2668600,2789757,121157,121157,121157,0,0,0
2795066,380,1,1690344,1796020,2795066,999046,1104722,875460,229262,389,0
2796605,805,1,2497520,2497520,2796605,299085,299085,299085,0,47,0
2798791,928,1,2798007,2798007,2798791,784,784,784,0,0,0
2799395,909,1,2769560,2769560,2799395,29835,29835,29835,0,0,0
2802191,931,1,2801211,2801211,2802191,980,980,980,0,0,0
2802284,927,1,2797842,2797842,2802284,4442,4442,4442,0,0,0
2810055,887,8,2743102,2748913,2810055,61142,66953,61142,5811,0,0
2812025,943,1,2809529,2809529,2812025,2496,2496,2496,0,0,0
2815447,828,4,2553029,2555830,2815447,259617,262418,259601,2817,11,0
2817575,876,1,2738244,2738244,2817575,79331,79331,79331,0,0,0
2818814,951,4,2811545,2815447,2818814,3367,7269,3367,3902,0,0
2822623,868,1,2736548,2736548,2822623,86075,86075,86075,0,0,0
2824167,925,4,2796000,2810055,2824167,14112,28167,14112,14055,0,0
2826492,935,1,2804436,2804436,2826492,22056,22056,22056,0,0,0
2827555,933,1,2801505,2801505,2827555,26050,26050,26050,0,0,0
2827817,854,4,2703145,2715293,2827817,112524,124672,112524,12148,0,0
2828955,916,2,2783923,2783923,2828955,45032,45032,45032,0,0,0
2832713,962,1,2826624,2826624,2832713,6089,6089,6089,0,0,0
2834394,950,1,2811290,2811290,2834394,23104,23104,23104,0,0,0
2840249,956,1,2816767,2816767,2840249,23482,23482,23482,0,0,0
2842592,918,4,2786487,2789757,2842592,52835,56105,52835,3270,0,0
2846716,978,8,2839393,2839809,2846716,6907,7323,6907,416,0,0
2848562,966,8,2829120,2831821,2848562,16741,19442,16741,2701,0,0
2851256,847,1,2662359,2662359,2851256,188897,188897,188897,0,0,0
2856676,936,1,2804850,2804850,2856676,51826,51826,51826,0,0,0
2860184,885,8,2742912,2774333,2860184,85851,117272,85851,31421,0,0
2863332,948,1,2811215,2811215,2863332,52117,52117,52117,0,0,0
2866780,893,4,2753761,2753761,2866780,113019,113019,113019,0,0,0
2871216,698,8,2305032,2549651,2871216,321565,566184,267789,298395,5,0
2874558,979,4,2839402,2842592,2874558,31966,35156,31966,3190,0,0
2876865,633,1,2152871,2152871,2876865,723994,723994,723994,0,298,0
2878009,929,1,2799257,2799257,2878009,78752,78752,78752,0,0,0
2881765,871,4,2736613,2737400,2881765,144365,145152,144365,787,0,0
2884970,903,4,2762657,2762657,2884970,122313,122313,122313,0,0,0
2889680,995,1,2877619,2877619,2889680,12061,12061,12061,0,0,0
2891317,609,1,2008335,2090076,2891317,801241,882982,801241,81741,332,0
2893176,629,1,2152220,2152220,2893176,740956,740956,740956,0,316,0
2894926,999,1,2882057,2882057,2894926,12869,12869,12869,0,0,0
2896477,959,8,2824767,2846716,2896477,49761,71710,49761,21949,0,0
2896538,1015,1,2893482,2893482,2896538,3056,3056,3056,0,0,0
2896584,1014,1,2893452,2893452,2896584,3132,3132,3132,0,0,0
2898663,1022,1,2896131,2896131,2898663,2532,2532,2532,0,0,0
2898776,878,8,2738352,2742457,2898776,156319,160424,156319,4105,0,0
2906434,977,4,2839259,2839259,2906434,67175,67175,67175,0,0,0
2907505,1026,1,2904303,2904303,2907505,3202,3202,3202,0,0,0
2918297,944,8,2810181,2848562,2918297,69735,108116,69735,38381,0,0
2919651,914,2,2782504,2782504,2919651,137147,137147,137147,0,0,0
2920897,830,8,2560075,2636826,2920897,284071,360822,269026,91796,4,0
2926551,938,1,2806604,2806604,2926551,119947,119947,119947,0,0,0
2928174,852,4,2671185,2680066,2928174,248108,256989,248108,8881,0,0
2928332,1011,8,2891633,2896477,2928332,31855,36699,31855,4844,0,0
2929963,960,8,2825556,2860184,2929963,69779,104407,69779,34628,0,0
2932352,853,1,2671801,2673013,2932352,259339,260551,259339,1212,2,0
2936526,982,4,2841605,2851256,2936526,85270,94921,85270,9651,0,0
2937009,1017,1,2893731,2893731,2937009,43278,43278,43278,0,0,0
2938661,957,1,2821978,2821978,2938661,116683,116683,116683,0,0,0
2939391,1009,4,2890440,2898776,2939391,40615,48951,40615,8336,0,0
2944191,993,1,2877529,2877529,2944191,66662,66662,66662,0,0,0
2946801,211,16,1275933,2698959,2946801,247842,1670868,247842,1423026,0,0
2953340,891,8,2753751,2780794,2953340,172546,199589,172546,27043,0,0
2953807,954,16,2812234,2946801,2953807,7006,141573,7006,134567,0,0
2955128,917,2,2784159,2784159,2955128,170969,170969,170969,0,0,0
2955250,1034,1,2924989,2924989,2955250,30261,30261,30261,0,0,0
2958638,849,4,2666580,2668600,2958638,290038,292058,268366,23692,1,0
2960932,796,1,2484191,2484191,2960932,476741,476741,416381,60360,69,0
2961629,969,8,2831821,2871216,2961629,90413,129808,90413,39395,0,0
2962717,996,16,2880718,2953807,2962717,8910,81999,8910,73089,0,0
2970106,1037,1,2961144,2961144,2970106,8962,8962,8962,0,0,0
2971686,981,8,2839809,2874558,2971686,97128,131877,97128,34749,0,0
2976328,1001,4,2882440,2882440,2976328,93888,93888,93888,0,0,0
2976999,1039,1,2968473,2968473,2976999,8526,8526,8526,0,0,0
2981728,1048,1,2978540,2978540,2981728,3188,3188,3188,0,0,0
2986093,1053,1,2982970,2982970,2986093,3123,3123,3123,0,0,0
2986437,1003,1,2882730,2882730,2986437,103707,103707,103707,0,0,0
2986835,973,16,2836301,2962717,2986835,24118,150534,24118,126416,0,0
3000386,1044,1,2972870,2972870,3000386,27516,27516,27516,0,0,0
3001043,1040,4,2969900,2969900,3001043,31143,31143,31143,0,0,0
3008225,1065,8,2997034,3001927,3008225,6298,11191,6298,4893,0,0
3009199,1069,8,3003144,3008225,3009199,974,6055,974,5081,0,0
3010515,1041,1,2971369,2971369,3010515,39146,39146,39146,0,0,0
3015611,913,1,2777405,2777405,3015611,238206,238206,238206,0,12,0
3021610,1068,8,3002159,3009199,3021610,12411,19451,12411,7040,0,0
3026431,997,1,2880886,2880886,3026431,145545,145545,145545,0,0,0
3030198,874,16,2737382,2986835,3030198,43363,292816,43363,249453,0,0
3031481,923,1,2790636,2790636,3031481,240845,240845,240845,0,22,0
3036223,1006,4,2888982,2888982,3036223,147241,147241,147241,0,0,0
3037448,1086,4,3020342,3021610,3037448,15838,17106,15838,1268,0,0
3041730,1050,1,2980938,2980938,3041730,60792,60792,60792,0,0,0
3043382,1000,1,2882080,2882080,3043382,161302,161302,161302,0,16,0
3044513,797,1,2484263,2484263,3044513,560250,560250,419309,140941,134,0
3045544,1080,1,3015678,3015678,3045544,29866,29866,29866,0,0,0
3048792,1084,1,3018622,3018622,3048792,30170,30170,30170,0,0,0
3051880,970,8,2832444,2906434,3051880,145446,219436,145446,73990,0,0
3056120,1096,8,3046093,3051880,3056120,4240,10027,4240,5787,0,0
3057135,1051,1,2982335,2982335,3057135,74800,74800,74800,0,0,0
3067408,1098,1,3051645,3051645,3067408,15763,15763,15763,0,0,0
3067567,1078,8,3013782,3030198,3067567,37369,53785,37369,16416,0,0
3071022,1111,8,3058804,3065037,3071022,5985,12218,5985,6233,0,0
3071049,992,1,2877471,2877471,3071049,193578,193578,193578,0,42,0
3072127,877,1,2738257,2738257,3072127,333870,333870,333870,0,159,0
3073887,1114,8,3059698,3067567,3073887,6320,14189,6320,7869,0,0
3075478,1052,1,2982676,2982676,3075478,92802,92802,92802,0,0,0
3077377,904,1,2762982,2762982,3077377,314395,314395,313869,526,154,0
3077925,1124,8,3069894,3071022,3077925,6903,8031,6903,1128,0,0
3078438,1102,1,3055049,3055049,3078438,23389,23389,23389,0,0,0
3080837,802,8,2492333,2722830,3080837,358007,588504,279519,308985,2,0
3082621,1013,1,2891773,2891773,3082621,190848,190848,190848,0,30,0
3083610,524,1,1934815,1934815,3083610,1148795,1148795,847416,301379,563,0
3091568,1129,1,3073639,3073639,3091568,17929,17929,17929,0,0,0
3092625,1135,1,3081141,3081141,3092625,11484,11484,11484,0,0,0
3099604,1081,1,3018107,3018107,3099604,81497,81497,81497,0,0,0
3105274,1134,1,3081111,3081111,3105274,24163,24163,24163,0,0,0
3107377,1147,1,3097131,3097131,3107377,10246,10246,10246,0,0,0
3111423,1046,1,2977576,2977576,3111423,133847,133847,133847,0,0,0
3112509,961,8,2826337,2928332,3112509,184177,286172,184177,101995,0,0
3118844,1010,8,2891585,2929963,3118844,188881,227259,188881,38378,0,0
3122854,987,4,2850083,2866780,3122854,256074,272771,222080,50691,14,0
3145579,975,8,2838323,2939391,3145579,206188,307256,206188,101068,0,0
3149404,1149,1,3102509,3102509,3149404,46895,46895,46895,0,0,0
3150191,994,1,2877562,2877562,3150191,272629,272629,270377,2252,50,0
3151532,1089,1,3043312,3043312,3151532,108220,108220,108220,0,0,0
3152471,1143,4,3088134,3088134,3152471,64337,64337,64337,0,0,0
3152598,1117,8,3060417,3073887,3152598,78711,92181,78711,13470,0,0
3153184,1118,1,3064913,3064913,3153184,88271,88271,88271,0,0,0
3155355,1159,1,3122038,3122038,3155355,33317,33317,33317,0,0,0
3158834,1145,8,3095341,3112509,3158834,46325,63493,46325,17168,0,0
3159660,1119,8,3065037,3077925,3159660,81735,94623,81735,12888,0,0
3164103,1163,4,3151206,3151206,3164103,12897,12897,12897,0,0,0
3164513,1164,8,3156300,3158834,3164513,5679,8213,5679,2534,0,0
3164979,838,2,2662112,2680066,3164979,484913,502867,410873,91994,162,0
3167076,1155,16,3114442,3164979,3167076,2097,52634,2097,50537,0,0
3168586,1079,8,3015240,3030198,3168586,138388,153346,138388,14958,0,0
3169138,953,4,2811641,2818814,3169138,350324,357497,258597,98900,17,0
3179851,1152,16,3107889,3167076,3179851,12775,71962,12775,59187,0,0
3181524,1156,8,3114754,3118844,3181524,62680,66770,62680,4090,0,0
3181821,1077,4,3013382,3013382,3181821,168439,168439,168439,0,0,0
3185392,1091,8,3045764,3056120,3185392,129272,139628,129272,10356,0,0
3189377,1066,8,3001711,3036223,3189377,153154,187666,153154,34512,0,0
3201917,1106,1,3056064,3056064,3201917,145853,145853,145853,0,0,0
3207593,794,1,2483310,2483310,3207593,724283,724283,438863,285420,152,0
3211747,771,8,2435862,2722830,3211747,488917,775885,289684,486201,1,0
3213874,1097,16,3050600,3179851,3213874,34023,163274,34023,129251,0,0
3224357,1108,1,3056816,3056816,3224357,167541,167541,167541,0,0,0
3227547,1141,8,3086361,3145579,3227547,81968,141186,81968,59218,0,0
3231486,1099,4,3053148,3053148,3231486,178338,178338,178338,0,0,0
3231691,1105,1,3055728,3055728,3231691,175963,175963,175963,0,0,0
3249598,1088,8,3028259,3080837,3249598,168761,221339,168761,52578,0,0
3255254,268,4,1542152,1568424,3255254,1686830,1713102,635677,1077425,121,0
3262288,1153,16,3114349,3181524,3262288,80764,147939,80764,67175,0,0
3263522,1016,1,2893671,2919651,3263522,343871,369851,343871,25980,17,0
3266930,932,1,2801445,2821978,3266930,444952,465485,404551,60934,77,0
3271270,1005,1,2886973,2920897,3271270,350373,384297,350373,33924,26,0
3277176,1070,1,3004977,3004977,3277176,272199,272199,272199,0,18,0
3278587,1136,8,3082127,3152471,3278587,126116,196460,126116,70344,0,0
3280482,926,1,2796380,2822623,3280482,457859,484102,408835,75267,106,0
3281087,1168,1,3165566,3165566,3281087,115521,115521,115521,0,0,0
3283228,965,16,2828509,3185392,3283228,97836,454719,97836,356883,0,0
3288101,1007,1,2889623,2920897,3288101,367204,398478,365642,32836,107,0
3297787,1176,8,3186211,3189377,3297787,108410,111576,108410,3166,0,0
3307404,1246,8,3255235,3255254,3307404,52150,52169,52150,19,0,0
3314770,1240,8,3231294,3249598,3314770,65172,83476,65172,18304,0,0
3316486,1158,8,3114803,3152598,3316486,163888,201683,163888,37795,0,0
3321733,1031,1,2910102,2932352,3321733,389381,411631,389381,22250,168,0
3328531,1067,8,3001927,3159660,3328531,168871,326604,168871,157733,0,0
3338491,1107,1,3056638,3056638,3338491,281853,281853,281853,0,95,0
3340834,1255,1,3279710,3279710,3340834,61124,61124,61124,0,0,0
3352688,1244,1,3251739,3251739,3352688,100949,100949,100949,0,0,0
3354337,1072,1,3005325,3005325,3354337,349012,349012,349012,0,156,0
3354926,1274,8,3350039,3350039,3354926,4887,4887,4887,0,0,0
3356080,1262,1,3335050,3335050,3356080,21030,21030,21030,0,0,0
3359545,1282,1,3359134,3359134,3359545,411,411,411,0,0,0
3359905,1276,8,3357468,3359134,3359905,771,2437,771,1666,0,0
3362492,325,1,1608864,1689148,3362492,1673344,1753628,990370,763258,612,0
3363478,1301,1,3362009,3362009,3363478,1469,1469,1469,0,0,0
3365193,1311,1,3363038,3363038,3365193,2155,2155,2155,0,0,0
3366159,1304,1,3362093,3362093,3366159,4066,4066,4066,0,0,0
3368343,1327,1,3366667,3366667,3368343,1676,1676,1676,0,0,0
3369564,1280,1,3359133,3359133,3369564,10431,10431,10431,0,0,0
3370175,1331,1,3369000,3369000,3370175,1175,1175,1175,0,0,0
3372598,1319,1,3364413,3364413,3372598,8185,8185,8185,0,0,0
3377879,1272,16,3344326,3364413,3377879,13466,33553,13466,20087,0,0
3379360,1214,1,3193586,3193586,3379360,185774,185774,185774,0,23,0
3388759,1259,1,3329599,3329599,3388759,59160,59160,59160,0,0,0
3389289,1284,4,3359587,3359905,3389289,29384,29702,29384,318,0,0
3391706,1308,16,3362465,3377879,3391706,13827,29241,13827,15414,0,0
3392676,1182,1,3193448,3193448,3392676,199228,199228,190897,8331,32,0
3397164,860,8,2725043,2731645,3397164,665519,672121,311555,360566,9,0
3397183,1263,1,3338630,3338630,3397183,58553,58553,58553,0,0,0
3398132,1290,1,3360234,3360234,3398132,37898,37898,37898,0,0,0
3399290,1138,16,3082912,3213874,3399290,185416,316378,185416,130962,0,0
3399654,1322,1,3365657,3365657,3399654,33997,33997,33997,0,0,0
3404262,1266,1,3342588,3342588,3404262,61674,61674,61674,0,0,0
3405076,1344,8,3400170,3404131,3405076,945,4906,945,3961,0,0
3411470,1346,8,3401046,3405076,3411470,6394,10424,6394,4030,0,0
3417380,1253,8,3276864,3278587,3417380,138793,140516,138793,1723,0,0
3428981,1248,8,3260958,3262288,3428981,166693,168023,166693,1330,0,0
3429213,1361,4,3418942,3419095,3429213,10118,10271,10118,153,0,0
3429793,1373,1,3428247,3428247,3429793,1546,1546,1546,0,0,0
3429958,1350,1,3404105,3404105,3429958,25853,25853,25853,0,0,0
3430065,1337,8,3370849,3391706,3430065,38359,59216,38359,20857,0,0
3430487,1364,1,3419511,3419511,3430487,10976,10976,10976,0,0,0
3431999,1224,1,3193628,3207593,3431999,224406,238371,224406,13965,2,0
3445229,1167,4,3163733,3164103,3445229,281126,281496,231241,50255,5,0
3446328,1293,8,3360334,3366667,3446328,79661,85994,79661,6333,0,0
3446427,1389,1,3444884,3444884,3446427,1543,1543,1543,0,0,0
3446985,1392,1,3444948,3444948,3446985,2037,2037,2037,0,0,0
3450180,1387,1,3444524,3444524,3450180,5656,5656,5656,0,0,0
3452687,1294,1,3360356,3360356,3452687,92331,92331,92331,0,0,0
3458805,1020,1,2894811,2936526,3458805,522279,563994,415768,148226,150,0
3461264,1391,1,3444925,3444925,3461264,16339,16339,16339,0,0,0
3467915,1354,1,3409100,3409100,3467915,58815,58815,58815,0,0,0
3468617,1233,1,3193663,3227547,3468617,241070,274954,241070,33884,0,0
3470873,1315,1,3363614,3363614,3470873,107259,107259,107259,0,0,0
3471295,1283,1,3359380,3359380,3471295,111915,111915,111915,0,0,0
3471554,1216,1,3193593,3227547,3471554,244007,277961,244007,33954,0,0
3474705,1261,1,3333053,3333053,3474705,141652,141652,141652,0,0,0
3475123,1215,1,3193590,3227547,3475123,247576,281533,247576,33957,0,0
3476171,1352,1,3404165,3404165,3476171,72006,72006,72006,0,0,0
3479256,1310,1,3362983,3362983,3479256,116273,116273,116273,0,0,0
3481695,1357,1,3411603,3411603,3481695,70092,70092,70092,0,0,0
3488889,1281,1,3359133,3359133,3488889,129756,129756,129756,0,0,0
3489486,1362,8,3419095,3428981,3489486,60505,70391,60505,9886,0,0
3490189,1316,1,3363638,3363638,3490189,126551,126551,126551,0,0,0
3492248,1279,1,3359133,3359133,3492248,133115,133115,133115,0,0,0
3500452,1403,1,3455383,3455383,3500452,45069,45069,45069,0,0,0
3504058,1396,1,3445081,3445081,3504058,58977,58977,58977,0,0,0
3505077,1417,4,3500240,3503418,3505077,1659,4837,1659,3178,0,0
3508258,1424,4,3502023,3504058,3508258,4200,6235,4200,2035,0,0
3509882,1413,8,3497355,3508258,3509882,1624,12527,1624,10903,0,0
3510481,1127,1,3072346,3072346,3510481,438135,438135,357389,80746,57,0
3515102,1402,8,3449324,3489486,3515102,25616,65778,25616,40162,0,0
3518517,1438,1,3517032,3517032,3518517,1485,1485,1485,0,0,0
3520780,1433,8,3512747,3515102,3520780,5678,8033,5678,2355,0,0
3521228,1420,8,3501679,3509882,3521228,11346,19549,11346,8203,0,0
3523805,1265,8,3342378,3342378,3523805,181427,181427,181427,0,0,0
3525746,1445,8,3518210,3520780,3525746,4966,7536,4966,2570,0,0
3526612,1368,1,3427475,3427475,3526612,99137,99137,99137,0,0,0
3527073,1148,8,3099547,3262288,3527073,264785,427526,264785,162741,0,0
3532471,1345,8,3400242,3411470,3532471,121001,132229,121001,11228,0,0
3534963,1455,1,3530069,3530069,3534963,4894,4894,4894,0,0,0
3536072,1446,1,3518233,3518233,3536072,17839,17839,17839,0,0,0
3543797,1462,1,3541523,3541523,3543797,2274,2274,2274,0,0,0
3544464,1464,1,3541938,3541938,3544464,2526,2526,2526,0,0,0
3544607,1426,8,3503418,3521228,3544607,23379,41189,23379,17810,0,0
3550014,989,4,2855387,2958638,3550014,591376,694627,378347,316280,72,0
3551193,1450,1,3529058,3529058,3551193,22135,22135,22135,0,0,0
3559233,1432,1,3511645,3511645,3559233,47588,47588,47588,0,0,0
3559370,1451,1,3529148,3529148,3559370,30222,30222,30222,0,0,0
3561301,1453,1,3529655,3529655,3561301,31646,31646,31646,0,0,0
3561314,1323,1,3365692,3365692,3561314,195622,195622,195622,0,0,0
3562075,1454,1,3529934,3529934,3562075,32141,32141,32141,0,0,0
3569415,1463,8,3541924,3544607,3569415,24808,27491,24808,2683,0,0
3577894,1407,4,3483316,3483316,3577894,94578,94578,94578,0,0,0
3579319,1273,8,3345422,3354926,3579319,224393,233897,224393,9504,0,0
3579702,1326,8,3365948,3391706,3579702,187996,213754,187996,25758,0,0
3580408,1458,1,3537196,3537196,3580408,43212,43212,43212,0,0,0
3580876,1457,1,3537065,3537065,3580876,43811,43811,43811,0,0,0
3584734,1456,1,3530171,3530171,3584734,54563,54563,54563,0,0,0
3591582,1473,1,3581313,3581313,3591582,10269,10269,10269,0,0,0
3592000,1459,1,3537306,3537306,3592000,54694,54694,54694,0,0,0
3597997,1379,1,3437574,3437574,3597997,160423,160423,160423,0,0,0
3598671,1351,1,3404131,3404131,3598671,194540,194540,194540,0,0,0
3599700,1128,1,3072686,3077377,3599700,522323,527014,393230,133784,55,0
3607805,835,2,2662056,2733989,3607805,873816,945749,423033,522716,123,0
3611362,1488,1,3604657,3604657,3611362,6705,6705,6705,0,0,0
3614623,1461,8,3539191,3550014,3614623,64609,75432,64609,10823,0,0
3617858,719,8,2325593,2971686,3617858,646172,1292265,334374,957891,19,0
3620768,1376,1,3437032,3437032,3620768,183736,183736,183736,0,0,0
3623064,1336,8,3370630,3399290,3623064,223774,252434,223774,28660,0,0
3623967,1508,1,3617797,3617797,3623967,6170,6170,6170,0,0,0
3625012,1523,1,3623039,3623039,3625012,1973,1973,1973,0,0,0
3625026,1475,1,3586937,3586937,3625026,38089,38089,38089,0,0,0
3625045,1522,1,3622956,3622956,3625045,2089,2089,2089,0,0,0
3626487,1360,4,3415395,3415395,3626487,211092,211092,211092,0,0,0
3627072,1512,1,3621074,3621074,3627072,5998,5998,5998,0,0,0
3628485,1347,1,3402672,3402672,3628485,225813,225813,225813,0,0,0
3628715,1501,1,3617060,3617060,3628715,11655,11655,11655,0,0,0
3630564,1474,1,3585504,3585504,3630564,45060,45060,45060,0,0,0
3632412,1514,1,3622084,3622084,3632412,10328,10328,10328,0,0,0
3633806,1472,1,3580224,3580224,3633806,53582,53582,53582,0,0,0
3636997,1499,1,3616896,3616896,3636997,20101,20101,20101,0,0,0
3637792,1497,1,3616104,3616104,3637792,21688,21688,21688,0,0,0
3639104,1465,8,3543503,3569415,3639104,69689,95601,69689,25912,0,0
3640132,1412,4,3490509,3490509,3640132,149623,149623,149623,0,0,0
3643128,1503,1,3617456,3617456,3643128,25672,25672,25672,0,0,0
3644186,1521,1,3622884,3622884,3644186,21302,21302,21302,0,0,0
3647215,1502,1,3617144,3617144,3647215,30071,30071,30071,0,0,0
3648232,1513,1,3621920,3621920,3648232,26312,26312,26312,0,0,0
3650222,1526,8,3623438,3639104,3650222,11118,26784,11118,15666,0,0
3652198,1302,1,3362054,3362054,3652198,290144,290144,287904,2240,40,0
3652549,1477,4,3594743,3614623,3652549,37926,57806,37926,19880,0,0
3656576,1363,1,3419422,3419422,3656576,237154,237154,237154,0,3,0
3662232,1539,1,3635605,3635605,3662232,26627,26627,26627,0,0,0
3662764,1419,8,3501455,3523805,3662764,138959,161309,138959,22350,0,0
3662815,1506,1,3617583,3617583,3662815,45232,45232,45232,0,0,0
3664669,1468,4,3571109,3577894,3664669,86775,93560,86775,6785,0,0
3665653,1534,1,3625896,3625896,3665653,39757,39757,39757,0,0,0
3667100,1538,1,3634332,3634332,3667100,32768,32768,32768,0,0,0
3669319,1494,1,3615514,3615514,3669319,53805,53805,53805,0,0,0
3669695,1295,1,3360396,3360396,3669695,309299,309299,304468,4831,54,0
3672012,1519,1,3622703,3622703,3672012,49309,49309,49309,0,0,0
3672462,1532,1,3625250,3625250,3672462,47212,47212,47212,0,0,0
3677164,1410,8,3486210,3525746,3677164,151418,190954,151418,39536,0,0
3683771,1132,1,3079575,3266930,3683771,416841,604196,400957,203239,111,0
3683815,1442,1,3517854,3517854,3683815,165961,165961,165961,0,0,0
3684782,1405,1,3478648,3478648,3684782,206134,206134,206134,0,0,0
3684927,1443,1,3517999,3517999,3684927,166928,166928,166928,0,0,0
3687174,1515,1,3622334,3622334,3687174,64840,64840,64840,0,0,0
3695372,1349,1,3402969,3402969,3695372,292403,292403,292403,0,29,0
3695917,1490,8,3605476,3617858,3695917,78059,90441,78059,12382,0,0
3696391,1520,1,3622812,3622812,3696391,73579,73579,73579,0,0,0
3706981,964,4,2828503,3283228,3706981,423753,878478,381380,497098,44,0
3708569,1303,1,3362076,3362076,3708569,346493,346493,323564,22929,51,0
3708994,1571,1,3706239,3706239,3708994,2755,2755,2755,0,0,0
3709678,1575,1,3707765,3707765,3709678,1913,1913,1913,0,0,0
3710058,1577,1,3708089,3708089,3710058,1969,1969,1969,0,0,0
3710484,1578,1,3708232,3708232,3710484,2252,2252,2252,0,0,0
3711127,1583,1,3708635,3708635,3711127,2492,2492,2492,0,0,0
3711349,1581,1,3708485,3708485,3711349,2864,2864,2864,0,0,0
3713594,1533,1,3625753,3625753,3713594,87841,87841,87841,0,0,0
3717730,1573,1,3706329,3706329,3717730,11401,11401,11401,0,0,0
3718692,1570,1,3706039,3706039,3718692,12653,12653,12653,0,0,0
3719855,1460,8,3537448,3579319,3719855,140536,182407,140536,41871,0,0
3720538,1483,8,3602159,3622703,3720538,97835,118379,97835,20544,0,0
3723198,1535,1,3626244,3626244,3723198,96954,96954,96954,0,0,0
3723646,1289,1,3360183,3360183,3723646,363463,363463,327173,36290,57,0
3723746,786,8,2479196,3297787,3723746,425959,1244550,343606,900944,2,0
3724205,1580,1,3708405,3708405,3724205,15800,15800,15800,0,0,0
3727298,1524,1,3623111,3623111,3727298,104187,104187,104187,0,0,0
3733184,1421,8,3501680,3527073,3733184,206111,231504,206111,25393,0,0
3738135,1574,8,3706428,3719855,3738135,18280,31707,18280,13427,0,0
3742044,1388,1,3444873,3444873,3742044,297171,297171,297171,0,29,0
3747513,1481,8,3601566,3623064,3747513,124449,145947,124449,21498,0,0
3751512,1582,1,3708556,3708556,3751512,42956,42956,42956,0,0,0
3751766,1566,1,3705591,3705591,3751766,46175,46175,46175,0,0,0
3753002,1436,1,3516025,3516025,3753002,236977,236977,236977,0,32,0
3757458,1579,1,3708324,3708324,3757458,49134,49134,49134,0,0,0
3757599,1586,1,3708871,3708871,3757599,48728,48728,48728,0,0,0
3760326,1550,2,3685334,3685334,3760326,74992,74992,74992,0,0,0
3760782,1543,8,3655299,3662764,3760782,98018,105483,98018,7465,0,0
3772063,1125,1,3070169,3072127,3772063,699936,701894,419312,282582,178,0
3776306,1596,1,3761771,3761771,3776306,14535,14535,14535,0,0,0
3782129,1406,1,3482800,3482800,3782129,299329,299329,296927,2402,78,0
3785904,1544,4,3659762,3664669,3785904,121235,126142,121235,4907,0,0
3788216,1285,1,3359789,3359789,3788216,428427,428427,366434,61993,154,0
3788311,1563,8,3703578,3720538,3788311,67773,84733,67773,16960,0,0
3790727,1559,8,3694914,3695917,3790727,94810,95813,94810,1003,0,0
3792002,1439,1,3517155,3517155,3792002,274847,274847,268288,6559,54,0
3796471,1348,16,3402699,3788311,3796471,8160,393772,8160,385612,0,0
3800326,1612,1,3782099,3782099,3800326,18227,18227,18227,0,0,0
3803659,1590,4,3744447,3744447,3803659,59212,59212,59212,0,0,0
3804339,1548,1,3668548,3668548,3804339,135791,135791,135791,0,0,0
3807560,1613,1,3783673,3783673,3807560,23887,23887,23887,0,0,0
3808686,1377,1,3437326,3437326,3808686,371360,371360,355582,15778,127,0
3809340,1558,16,3694118,3796471,3809340,12869,115222,12869,102353,0,0
3813339,1611,4,3777479,3782129,3813339,31210,35860,31210,4650,0,0
3820384,1587,8,3717476,3723746,3820384,96638,102908,96638,6270,0,0
3825032,1422,8,3501849,3579702,3825032,245330,323183,217811,105372,1,0
3834841,1540,16,3635675,3809340,3834841,25501,199166,25501,173665,0,0
3837720,1452,1,3529517,3532471,3837720,305249,308203,290636,17567,71,0
3842436,739,1,2377051,2377051,3842436,1465385,1465385,552945,912440,314,0
3850470,1634,2,3797326,3797326,3850470,53144,53144,53144,0,0,0
3857075,1609,1,3772020,3772020,3857075,85055,85055,85055,0,0,0
3859739,1594,4,3758807,3758807,3859739,100932,100932,100932,0,0,0
3861062,1659,8,3849649,3859739,3861062,1323,11413,1323,10090,0,0
3863509,1491,8,3611737,3652549,3863509,210960,251772,210960,40812,0,0
3868417,1386,1,3444367,3444367,3868417,424050,424050,379339,44711,167,0
3869114,1614,1,3784102,3784102,3869114,85012,85012,85012,0,0,0
3876977,1637,2,3798139,3798139,3876977,78838,78838,78838,0,0,0
3881684,1661,1,3849992,3849992,3881684,31692,31692,31692,0,0,0
3890355,1635,2,3797920,3797920,3890355,92435,92435,92435,0,0,0
3896819,1597,8,3761840,3772020,3896819,124799,134979,124799,10180,0,0
3899996,1466,8,3545877,3677164,3899996,222832,354119,222832,131287,0,0
3902107,1631,4,3796551,3796551,3902107,105556,105556,105556,0,0,0
3905168,1365,16,3420130,3834841,3905168,70327,485038,70327,414711,0,0
3907207,1493,1,3615392,3615392,3907207,291815,291815,285434,6381,48,0
3909980,1667,8,3889980,3896819,3909980,13161,20000,13161,6839,0,0
3915193,1241,1,3237897,3321733,3915193,593460,677296,440168,237128,186,0
3920351,1565,1,3703723,3703723,3920351,216628,216628,216628,0,0,0
3925351,1648,8,3829833,3832671,3925351,92680,95518,92680,2838,0,0
3930213,1599,8,3764063,3785904,3930213,144309,166150,144309,21841,0,0
3936555,1500,1,3616971,3616971,3936555,319584,319584,307700,11884,40,0
3946741,1658,8,3845366,3861062,3946741,85679,101375,85679,15696,0,0
3952064,1686,1,3949869,3949869,3952064,2195,2195,2195,0,0,0
3952093,1687,1,3949952,3949952,3952093,2141,2141,2141,0,0,0
3957751,834,2,2662033,3430065,3957751,527686,1295718,423611,872107,150,0
3958680,1682,8,3948277,3949869,3958680,8811,10403,8811,1592,0,0
3961148,1633,1,3797268,3797268,3961148,163880,163880,163880,0,0,0
3961809,1617,4,3786367,3786367,3961809,175442,175442,175442,0,0,0
3962841,1708,1,3961673,3961673,3962841,1168,1168,1168,0,0,0
3962993,1706,1,3961531,3961531,3962993,1462,1462,1462,0,0,0
3963023,1710,1,3961834,3961834,3963023,1189,1189,1189,0,0,0
3963489,1700,1,3960993,3960993,3963489,2496,2496,2496,0,0,0
3964516,1711,1,3961903,3961903,3964516,2613,2613,2613,0,0,0
3964752,1695,1,3960326,3960326,3964752,4426,4426,4426,0,0,0
3965482,1674,4,3935479,3935479,3965482,30003,30003,30003,0,0,0
3966388,1676,4,3937928,3946741,3966388,19647,28460,19647,8813,0,0
3966751,1696,1,3960736,3960736,3966751,6015,6015,6015,0,0,0
3969120,1688,1,3950047,3950047,3969120,19073,19073,19073,0,0,0
3971056,1715,8,3965169,3966751,3971056,4305,5887,4305,1582,0,0
3971415,1690,1,3950183,3950183,3971415,21232,21232,21232,0,0,0
3971822,1399,8,3448088,3733184,3971822,238638,523734,238638,285096,0,0
3972810,1685,1,3949787,3949787,3972810,23023,23023,23023,0,0,0
3977323,1649,8,3832671,3863509,3977323,113814,144652,113814,30838,0,0
3978507,1721,8,3975795,3977323,3978507,1184,2712,1184,1528,0,0
3979753,1707,1,3961599,3961599,3979753,18154,18154,18154,0,0,0
3981852,1699,1,3960924,3960924,3981852,20928,20928,20928,0,0,0
3985446,1569,1,3705944,3705944,3985446,279502,279502,279502,0,16,0
3985696,1665,2,3876469,3876469,3985696,109227,109227,109227,0,0,0
3987170,1714,8,3963849,3971056,3987170,16114,23321,16114,7207,0,0
3989236,1355,1,3409908,3430487,3989236,558749,579328,450334,128994,147,0
3993579,1709,1,3961747,3961747,3993579,31832,31832,31832,0,0,0
3993998,1718,1,3970334,3970334,3993998,23664,23664,23664,0,0,0
3994617,1498,1,3616820,3616820,3994617,377797,377797,354809,22988,62,0
3997450,1618,4,3789445,3789445,3997450,208005,208005,208005,0,0,0
3998463,1722,8,3980117,3987170,3998463,11293,18346,11293,7053,0,0
4001824,1554,16,3692119,3905168,4001824,96656,309705,96656,213049,0,0
4010335,1588,8,3718944,3738135,4010335,272200,291391,265179,26212,2,0
4011219,1679,8,3946654,3957751,4011219,53468,64565,53468,11097,0,0
4011396,1698,8,3960830,3971822,4011396,39574,50566,39574,10992,0,0
4015121,1394,1,3445013,3452687,4015121,562434,570108,440331,129777,153,0
4015133,1727,1,4012586,4012586,4015133,2547,2547,2547,0,0,0
4016420,1728,4,4013947,4013947,4016420,2473,2473,2473,0,0,0
4016858,1684,1,3949690,3949690,4016858,67168,67168,67168,0,0,0
4024793,1726,1,4010915,4010915,4024793,13878,13878,13878,0,0,0
4027373,1729,1,4014555,4014555,4027373,12818,12818,12818,0,0,0
4028097,1731,4,4016264,4016264,4028097,11833,11833,11833,0,0,0
4030325,1732,1,4016446,4016446,4030325,13879,13879,13879,0,0,0
4030665,1568,1,3705784,3705784,4030665,324881,324881,324881,0,55,0
4031630,1740,8,4020490,4028097,4031630,3533,11140,3533,7607,0,0
4035379,1654,8,3841532,3899996,4035379,135383,193847,135383,58464,0,0
4038904,1669,4,3934756,3935479,4038904,103425,104148,103425,723,0,0
4041036,1744,8,4031959,4035379,4041036,5657,9077,5657,3420,0,0
4045846,1746,8,4034191,4038904,4045846,6942,11655,6942,4713,0,0
4046256,776,2,2450480,2450480,4046256,1595776,1595776,475612,1120164,201,0
4048516,1745,8,4034063,4041036,4048516,7480,14453,7480,6973,0,0
4051043,1716,8,3965506,3978507,4051043,72536,85537,72536,13001,0,0
4051136,1736,4,4019116,4019116,4051136,32020,32020,32020,0,0,0
4052054,1161,1,3137006,3431999,4052054,620055,915048,453195,461853,187,0
4054519,1733,1,4016536,4016536,4054519,37983,37983,37983,0,0,0
4057464,1604,8,3769926,3788216,4057464,269248,287538,237175,50363,1,0
4060479,1701,1,3961080,3961080,4060479,99399,99399,99399,0,0,0
4066439,1758,8,4052711,4053792,4066439,12647,13728,12647,1081,0,0
4080703,1382,1,3442593,3470873,4080703,609830,638110,448947,189163,197,0
4086406,1677,4,3938171,3946741,4086406,139665,148235,139665,8570,0,0
4087954,1764,8,4062291,4066439,4087954,21515,25663,21515,4148,0,0
4088454,1767,4,4085795,4086406,4088454,2048,2659,2048,611,0,0
4108176,1487,1,3604303,3614623,4108176,493553,503873,435084,68789,176,0
4112026,1734,1,4016712,4016712,4112026,95314,95314,95314,0,0,0
4122118,608,1,2008311,2096910,4122118,2025208,2113807,834358,1279449,435,0
4126893,1793,1,4124502,4124502,4126893,2391,2391,2391,0,0,0
4127347,1802,1,4126148,4126148,4127347,1199,1199,1199,0,0,0
4127746,1803,1,4126346,4126346,4127746,1400,1400,1400,0,0,0
4129501,1678,2,3946168,3946168,4129501,183333,183333,183333,0,0,0
4131955,1765,8,4064308,4080703,4131955,51252,67647,51252,16395,0,0
4133654,1703,1,3961334,3961334,4133654,172320,172320,172320,0,0,0
4133729,1787,1,4109733,4109733,4133729,23996,23996,23996,0,0,0
4134288,1775,1,4092939,4092939,4134288,41349,41349,41349,0,0,0
4134601,1557,1,3694117,3694117,4134601,440484,440484,420144,20340,141,0
4142064,1800,1,4125628,4125628,4142064,16436,16436,16436,0,0,0
4143670,1739,1,4020373,4020373,4143670,123297,123297,123297,0,0,0
4150113,1275,8,3356017,3747513,4150113,402600,794096,294499,499597,3,0
4154854,1782,1,4104385,4104385,4154854,50469,50469,50469,0,0,0
4155131,1697,1,3960814,3960814,4155131,194317,194317,194317,0,2,0
4158470,1762,8,4053792,4057464,4158470,101006,104678,101006,3672,0,0
4159710,1691,1,3953261,3953261,4159710,206449,206449,206449,0,3,0
4160080,1797,1,4125000,4125000,4160080,35080,35080,35080,0,0,0
4162747,547,1,1966174,1966174,4162747,2196573,2196573,844806,1351767,411,0
4166011,1801,1,4125921,4125921,4166011,40090,40090,40090,0,0,0
4167113,1806,4,4138995,4150113,4167113,17000,28118,17000,11118,0,0
4169161,1799,1,4125286,4125286,4169161,43875,43875,43875,0,0,0
4172854,1804,8,4126644,4131955,4172854,40899,46210,40899,5311,0,0
4178501,1449,1,3525329,3672012,4178501,506489,653172,476908,176264,163,0
4188564,1820,4,4187223,4187459,4188564,1105,1341,1105,236,0,0
4192706,1763,8,4055318,4087954,4192706,104752,137388,104752,32636,0,0
4194631,1675,4,3937203,3949869,4194631,244762,257428,239165,18263,14,0
4195521,1759,16,4052828,4125286,4195521,70235,142693,70235,72458,0,0
4195794,1757,8,4050950,4051043,4195794,144751,144844,144751,93,0,0
4205943,1831,1,4204965,4204965,4205943,978,978,978,0,0,0
4205970,1822,4,4188140,4188564,4205970,17406,17830,17406,424,0,0
4206498,1341,16,3374520,3930213,4206498,276285,831978,224330,607648,1,0
4206683,1719,4,3974316,3993579,4206683,213104,232367,213104,19263,0,0
4207828,1821,2,4187459,4187459,4207828,20369,20369,20369,0,0,0
4209892,1830,8,4200134,4205970,4209892,3922,9758,3922,5836,0,0
4212079,1824,2,4189402,4189402,4212079,22677,22677,22677,0,0,0
4213408,1829,4,4197529,4197529,4213408,15879,15879,15879,0,0,0
4216144,1828,4,4197288,4197288,4216144,18856,18856,18856,0,0,0
4221585,1776,4,4094367,4094367,4221585,127218,127218,127218,0,0,0
4224409,1819,8,4187061,4192706,4224409,31703,37348,31703,5645,0,0
4227917,1792,1,4124425,4124425,4227917,103492,103492,103492,0,0,0
4228225,920,1,2787947,3474705,4228225,753520,1440278,488504,951774,191,0
4228667,1742,1,4023745,4023745,4228667,204922,204922,204922,0,0,0
4236317,1846,8,4223886,4224409,4236317,11908,12431,11908,523,0,0
4239285,1835,1,4210537,4210537,4239285,28748,28748,28748,0,0,0
4239808,1847,1,4224234,4224234,4239808,15574,15574,15574,0,0,0
4244064,1834,8,4210203,4210203,4244064,33861,33861,33861,0,0,0
4248093,1854,1,4241485,4241485,4248093,6608,6608,6608,0,0,0
4248438,1702,1,3961236,3961236,4248438,287202,287202,285765,1437,31,0
4249282,236,16,1368361,3316486,4249282,932796,2880921,285990,2594931,2,0
4252397,1833,1,4209674,4209674,4252397,42723,42723,42723,0,0,0
4260020,1840,4,4217853,4217853,4260020,42167,42167,42167,0,0,0
4262047,1049,1,2980720,3683771,4262047,578276,1281327,488605,792722,167,0
4263109,1865,1,4260901,4260901,4263109,2208,2208,2208,0,0,0
4284793,1869,4,4272964,4272964,4284793,11829,11829,11829,0,0,0
4284882,1692,1,3959146,3959146,4284882,325736,325736,319252,6484,50,0
4286571,1791,8,4122404,4124425,4286571,162146,164167,129597,34570,2,0
4292886,1873,4,4280398,4284793,4292886,8093,12488,8093,4395,0,0
4296647,1880,1,4292276,4292276,4296647,4371,4371,4371,0,0,0
4307027,1874,4,4280490,4286571,4307027,20456,26537,20456,6081,0,0
4307196,1126,1,3070500,3683815,4307196,623381,1236696,490010,746686,155,0
4313425,1673,4,3935370,3966388,4313425,347037,378055,310110,67945,23,0
4315255,1850,1,4226057,4226057,4315255,89198,89198,89198,0,0,0
4316934,723,8,2330062,3307404,4316934,1009530,1986872,350275,1636597,6,0
4318336,1838,4,4215093,4215093,4318336,103243,103243,103243,0,0,0
4319792,1844,8,4222851,4226057,4319792,93735,96941,93735,3206,0,0
4320345,1917,1,4313213,4313213,4320345,7132,7132,7132,0,0,0
4323016,1878,1,4291633,4291633,4323016,31383,31383,31383,0,0,0
4323312,1903,4,4308202,4308202,4323312,15110,15110,15110,0,0,0
4326770,1755,8,4044761,4045846,4326770,280924,282009,227709,54300,3,0
4327316,1919,1,4319218,4319218,4327316,8098,8098,8098,0,0,0
4327554,1909,4,4310775,4310775,4327554,16779,16779,16779,0,0,0
4329056,1883,8,4298062,4299389,4329056,29667,30994,29667,1327,0,0
4329088,1896,1,4306288,4306288,4329088,22800,22800,22800,0,0,0
4339380,1859,16,4259639,4306419,4339380,32961,79741,32961,46780,0,0
4343286,1853,8,4235084,4236317,4343286,106969,108202,106969,1233,0,0
4346008,1796,1,4124790,4126148,4346008,219860,221218,219461,1757,8,0
4349624,1891,4,4305250,4306246,4349624,43378,44374,43378,996,0,0
4354467,1889,1,4299389,4299389,4354467,55078,55078,55078,0,0,0
4354758,1937,4,4353866,4353866,4354758,892,892,892,0,0,0
4354806,1925,1,4341492,4341492,4354806,13314,13314,13314,0,0,0
4356849,1908,8,4310117,4315255,4356849,41594,46732,41594,5138,0,0
4360843,1939,4,4355252,4355252,4360843,5591,5591,5591,0,0,0
4363567,1815,1,4173649,4173649,4363567,189918,189918,189918,0,0,0
4371217,1875,16,4284419,4329056,4371217,42161,86798,42161,44637,0,0
4375509,1868,1,4272038,4272038,4375509,103471,103471,103471,0,0,0
4378476,1944,1,4364373,4364373,4378476,14103,14103,14103,0,0,0
4382922,1061,1,2991731,3684782,4382922,698140,1391191,498655,892536,184,0
4384473,1843,4,4222236,4224234,4384473,160239,162237,160239,1998,0,0
4390909,1809,8,4149178,4195521,4390909,195388,241731,195388,46343,0,0
4393756,1881,16,4292869,4339380,4393756,54376,100887,54376,46511,0,0
4396089,1927,1,4353063,4353063,4396089,43026,43026,43026,0,0,0
4396156,1870,1,4275845,4275845,4396156,120311,120311,120311,0,0,0
4398029,1894,1,4306246,4306246,4398029,91783,91783,91783,0,0,0
4410375,1893,1,4306126,4306126,4410375,104249,104249,104249,0,0,0
4415201,1949,4,4374376,4374376,4415201,40825,40825,40825,0,0,0
4418107,1841,8,4218711,4244064,4418107,174043,199396,174043,25353,0,0
4434510,1332,1,3369102,3684927,4434510,749583,1065408,499864,565544,165,0
4437168,1969,4,4432125,4432290,4437168,4878,5043,4878,165,0,0
4439486,1963,1,4419234,4419234,4439486,20252,20252,20252,0,0,0
4441390,1959,4,4392568,4392568,4441390,48822,48822,48822,0,0,0
4451462,1931,1,4353126,4353126,4451462,98336,98336,98336,0,0,0
4451705,1761,8,4053758,4195521,4451705,256184,397947,256184,141763,0,0
4454476,1848,1,4225088,4225088,4454476,229388,229388,229388,0,0,0
4455197,1842,4,4221846,4221846,4455197,233351,233351,233351,0,1,0
4457691,1798,1,4125138,4133654,4457691,324037,332553,324037,8516,21,0
4458353,1905,8,4309641,4316934,4458353,141419,148712,141419,7293,3,0
4469630,1918,8,4318247,4319792,4469630,149838,151383,149838,1545,1,0
4472029,1704,1,3961442,3985446,4472029,486583,510587,460617,49970,137,0
4472816,1897,1,4306419,4306419,4472816,166397,166397,166397,0,23,0
4479397,1981,1,4477866,4477866,4479397,1531,1531,1531,0,0,0
4487080,1943,16,4363214,4371217,4487080,115863,123866,115863,8003,0,0
4497597,1165,4,3156678,3475123,4497597,1022474,1340919,412459,928460,83,0
4500544,1992,1,4491156,4491156,4500544,9388,9388,9388,0,0,0
4500680,1948,4,4374344,4374344,4500680,126336,126336,126336,0,0,0
4500761,1986,1,4486285,4486285,4500761,14476,14476,14476,0,0,0
4503540,1951,8,4375559,4382922,4503540,120618,127981,120618,7363,0,0
4510426,589,1,2007756,2113225,4510426,2397201,2502670,866184,1636486,435,0
4511437,1993,1,4498182,4498182,4511437,13255,13255,13255,0,0,0
4512029,1832,1,4208644,4208644,4512029,303385,303385,296455,6930,43,0
4517496,1887,1,4299094,4299094,4517496,218402,218402,211472,6930,34,0
4523375,1858,4,4256980,4260020,4523375,263355,266395,244006,22389,12,0
4523705,1997,1,4499824,4499824,4523705,23881,23881,23881,0,0,0
4527182,1977,4,4457783,4457783,4527182,69399,69399,69399,0,0,0
4535287,1794,1,4124658,4134601,4535287,400686,410629,389810,20819,122,0
4540715,1994,1,4498787,4498787,4540715,41928,41928,41928,0,0,0
4547278,1967,4,4429857,4437168,4547278,110110,117421,110110,7311,0,0
4551733,1966,4,4429473,4429473,4551733,122260,122260,122260,0,0,0
4552099,1962,8,4417213,4418107,4552099,133992,134886,133992,894,0,0
4552259,1950,8,4375472,4384473,4552259,167786,176787,167786,9001,0,0
4565123,1478,16,3595699,4206498,4565123,358625,969424,265590,703834,3,0
4568645,1978,4,4457837,4458353,4568645,110292,110808,110292,516,0,0
4573709,1885,1,4298860,4298860,4573709,274849,274849,257825,17024,36,0
4575429,1970,8,4432290,4451705,4575429,123724,143139,123724,19415,0,0
4583225,1683,1,3949616,3985696,4583225,597529,633609,510506,123103,192,0
4597662,1983,1,4483812,4483812,4597662,113850,113850,113850,0,0,0
4605145,1996,1,4499762,4499762,4605145,105383,105383,105383,0,0,0
4616798,1837,1,4214501,4214501,4616798,402297,402297,372888,29409,125,0
4645968,1957,4,4392357,4392568,4645968,253400,253611,244300,9311,4,0
4664862,1921,8,4332923,4343286,4664862,321576,331939,219000,112939,9,0
4695107,1991,1,4489242,4489242,4695107,205865,205865,205865,0,0,0
4698312,731,1,2365059,2365059,4698312,2333253,2333253,623572,1709681,259,0
4707338,1862,8,4260520,4292886,4707338,414452,446818,228263,218555,2,0
4708457,1884,1,4298657,4298657,4708457,409800,409800,353539,56261,69,0
4743900,1985,4,4485874,4485874,4743900,258026,258026,258026,0,0,0
4746789,1780,1,4101388,4154854,4746789,591935,645401,492009,153392,142,0
4748788,1849,8,4225292,4487080,4748788,261708,523496,261708,261788,0,0
4777177,1404,1,3458247,4052054,4777177,725123,1318930,529612,789318,134,0
4785544,1307,16,3362445,4503540,4785544,282004,1423099,282004,1141095,0,0
4822554,1900,32,4308054,4785544,4822554,37010,514500,37010,477490,0,0
4823157,1741,4,4021739,4167113,4823157,656044,801418,394496,406922,52,0
4836845,1805,8,4138343,4195794,4836845,641051,698502,311468,387034,3,0
4838632,848,1,2662435,4054519,4838632,784113,2176197,554111,1622086,134,0
4852961,1408,16,3484665,4552099,4852961,300862,1368296,300862,1067434,0,0
4869544,1888,1,4299244,4398029,4869544,471515,570300,470795,99505,72,0
4872268,1790,8,4120747,4551733,4872268,320535,751521,320375,431146,1,0
4884808,804,16,2495758,4565123,4884808,319685,2389050,319685,2069365,0,0
4896839,734,8,2372549,3314770,4896839,1582069,2524290,350546,2173744,17,0
4904891,1898,1,4307079,4410375,4904891,494516,597812,478322,119490,64,0
4917383,1644,32,3812815,4822554,4917383,94829,1104568,94829,1009739,0,0
4926736,1974,8,4438429,4605145,4926736,321591,488307,321591,166716,0,0
4942295,1378,1,3437452,4060479,4942295,881816,1504843,555378,949465,89,0
4982949,1934,1,4353128,4451462,4982949,531487,629821,500522,129299,45,0
4995453,1942,8,4363039,4664862,4995453,330591,632414,330591,301823,0,0
5005259,1999,1,4508448,4512029,5005259,493230,496811,470011,26800,16,0
5018428,845,4,2662324,4500761,5018428,517667,2356104,420001,1936103,12,0
5055682,1810,8,4151057,4707338,5055682,348344,904625,348344,556281,1,0
5057357,1795,1,4124720,4162747,5057357,894610,932637,540141,392496,61,0
5074384,1902,32,4308065,4917383,5074384,157001,766319,157001,609318,0,0
5164960,1784,8,4105774,4748788,5164960,416172,1059186,364871,694315,1,0
5171137,1811,1,4156320,4166011,5171137,1005126,1014817,555600,459217,56,0
5190255,65,16,1023955,4852961,5190255,337294,4166300,337294,3829006,0,0
5224164,279,16,1583559,4884808,5224164,339356,3640605,339356,3301249,0,0
5231078,716,8,2322470,4777177,5231078,453901,2908608,367177,2541431,1,0
5249044,855,4,2703279,4743900,5249044,505144,2545765,459164,2086601,9,0
5270731,910,8,2769942,4896839,5270731,373892,2500789,373892,2126897,0,0
5284145,1356,1,3411546,4169161,5284145,1114984,1872599,559109,1313490,35,0
5303997,1025,8,2899350,4926736,5303997,377261,2404647,377261,2027386,0,0
5356554,1074,1,3005404,4472816,5356554,883738,2351150,565195,1785955,14,0
5372932,746,8,2388184,4995453,5372932,377479,2984748,377479,2607269,0,0
5422121,74,16,1041491,5074384,5422121,347737,4380630,347737,4032893,0,0
5442987,1953,1,4384611,4746789,5442987,696198,1058376,568484,489892,9,0
5446697,883,8,2742538,5055682,5446697,391015,2704159,391015,2313144,0,0
5461916,1680,16,3947235,5074384,5461916,387532,1514681,387532,1127149,0,0
5489061,921,4,2788649,5018428,5489061,470633,2700412,470633,2229779,3,0
5511411,1886,1,4298927,4942295,5511411,569116,1212484,569116,643368,7,0
5554357,839,1,2662181,4982949,5554357,571408,2892176,571408,2320768,6,0
5571310,1666,8,3876531,5164960,5571310,406350,1694779,406350,1288429,0,0
5590543,454,1,1691903,1796020,5590543,3794523,3898640,1033473,2865167,301,0
5598006,1299,8,3361217,5190255,5598006,407751,2236789,407751,1829038,0,0
5598193,772,8,2446000,5190255,5598193,407938,3152193,407938,2744255,0,0
5640755,1435,8,3515188,5224164,5640755,416591,2125567,416591,1708976,0,0
5642697,1585,1,3708773,5057357,5642697,585340,1933924,585340,1348584,4,0
5647613,811,8,2512642,5224164,5647613,423449,3134971,423449,2711522,0,0
5657875,652,8,2190994,5231078,5657875,426797,3466881,426797,3040084,0,0
5700851,765,8,2419952,5270731,5700851,430120,3280899,430120,2850779,0,0
5730455,1973,4,4434399,5249044,5730455,481411,1296056,481411,814645,2,0
5738284,1130,8,3075245,5303997,5738284,434287,2663039,434287,2228752,0,0
5764335,1933,1,4353128,5171137,5764335,593198,1411207,593198,818009,7,0
5822751,940,8,2807448,5372932,5822751,449819,3015303,449819,2565484,0,0
5865912,763,16,2413166,5422121,5865912,443791,3452746,443791,3008955,0,0
5880562,1725,1,4006238,5284145,5880562,596417,1874324,596417,1277907,4,0
5898069,1743,8,4029548,5446697,5898069,451372,1868521,451372,1417149,0,0
5926515,1029,8,2907856,5461916,5926515,464599,3018659,464599,2554060,0,0
5928979,1113,8,3059668,5461916,5928979,467063,2869311,467063,2402248,0,0
5957527,1390,1,3444910,5356554,5957527,600973,2512617,600973,1911644,5,0
5981764,1952,4,4384596,5489061,5981764,492703,1597168,492703,1104465,1,0
6038845,958,8,2822534,5571310,6038845,467535,3216311,467535,2748776,0,0
6055339,1027,1,2905196,5442987,6055339,612352,3150143,612352,2537791,6,0
6068259,858,8,2705757,5598006,6068259,470253,3362502,470253,2892249,0,0
6087635,1998,8,4505802,5598193,6087635,489442,1581833,489442,1092391,0,0
6126813,998,1,2882011,5511411,6126813,615402,3244802,615402,2629400,5,0
6130231,683,8,2239109,5640755,6130231,489476,3891122,489476,3401646,0,0
6144960,1142,8,3088041,5647613,6144960,497347,3056919,497347,2559572,0,0
6161423,1589,4,3744316,5657875,6161423,503548,2417107,503548,1913559,0,0
6172299,523,4,1931786,2157657,6172299,4014642,4240513,592860,3647653,6,0
6187243,1929,1,4353125,5554357,6187243,632886,1834118,632886,1201232,8,0
6224673,1620,8,3790518,5700851,6224673,523822,2434155,523822,1910333,0,0
6226146,704,1,2308795,2308795,6226146,3917351,3917351,777288,3140063,118,0
6259438,1333,4,3370210,5730455,6259438,528983,2889228,528983,2360245,0,0
6275747,666,8,2215343,5738284,6275747,537463,4060404,537463,3522941,0,0
6300233,1296,1,3360548,5642697,6300233,657536,2939685,657536,2282149,6,0
6339552,1418,16,3500440,5865912,6339552,473640,2839112,473640,2365472,0,0
6360559,1940,8,4355438,5822751,6360559,537808,2005121,537808,1467313,0,0
6426995,942,1,2808913,5764335,6426995,662660,3618082,662660,2955422,2,0
6448094,1028,8,2907066,5898069,6448094,550025,3541028,550025,2991003,0,0
6478856,650,8,2189591,5926515,6478856,552341,4289265,552341,3736924,0,0
6484708,1380,8,3439192,5928979,6484708,555729,3045516,555729,2489787,0,0
6546171,846,4,2662348,5981764,6546171,564407,3883823,564407,3319416,0,0
6550642,439,1,1691534,1796020,6550642,4754622,4859108,1073647,3785461,271,0
6600727,897,8,2755596,6038845,6600727,561882,3845131,561882,3283249,0,0
6636667,1181,1,3193441,5957527,6636667,679140,3443226,679140,2764086,3,0
6639824,1342,4,3399195,6068259,6639824,571565,3240629,571565,2669064,0,0
6651020,1987,4,4486847,6068259,6651020,582761,2164173,582761,1581412,0,0
6663633,623,8,2136763,6087635,6663633,575998,4526870,575998,3950872,0,0
6723174,1416,4,3499991,6130231,6723174,592943,3223183,592943,2630240,0,0
6738138,1605,8,3770058,6144960,6738138,593178,2968080,593178,2374902,0,0
6744553,1567,1,3705704,6055339,6744553,689214,3038849,689214,2349635,4,0
6747833,1984,4,4485312,6130231,6747833,617602,2262521,617602,1644919,1,0
6770626,1469,8,3571147,6172299,6770626,598327,3199479,598327,2601152,0,0
6818787,1321,1,3365150,6126813,6818787,691974,3453637,691974,2761663,5,0
6825502,700,8,2305409,6224673,6825502,600829,4520093,600829,3919264,0,0
6868714,753,4,2406387,6161423,6868714,707291,4462327,620152,3842175,1,0
6880100,915,2,2782611,6226146,6880100,653954,4097489,653954,3443535,1,0
6896598,732,8,2365646,6275747,6896598,620851,4530952,620851,3910101,0,0
6958171,1409,1,3485998,6187243,6958171,770928,3472173,696841,2775332,2,0
6961008,726,8,2336802,6339552,6961008,621456,4624206,621456,4002750,0,0
6964403,581,8,2001905,6339552,6964403,624851,4962498,624851,4337647,0,0
6987543,1562,8,3703503,6360559,6987543,626984,3284040,626984,2657056,0,0
7079893,1309,8,3362801,6448094,7079893,631799,3717092,631799,3085293,0,0
7126258,1808,8,4139733,6478856,7126258,647402,2986525,647402,2339123,0,0
7133423,1042,1,2972754,6426995,7133423,706428,4160669,706428,3454241,2,0
7138620,1256,4,3310232,6484708,7138620,653912,3828388,653912,3174476,0,0
7139685,1592,4,3746495,6484708,7139685,654977,3393190,654977,2738213,0,0
7220888,1751,4,4040500,6546171,7220888,674717,3180388,674717,2505671,1,0
7255265,988,8,2855060,6600727,7255265,654538,4400205,654538,3745667,0,0
7267763,1816,1,4174044,6550642,7267763,717121,3093719,717121,2376598,1,0
7328855,735,4,2373644,6639824,7328855,689031,4955211,689031,4266180,0,0
7354107,1258,1,3316252,6636667,7354107,717440,4037855,717440,3320415,2,0
7357511,471,4,1712391,2186598,7357511,5170913,5645120,708768,4936352,2,0
7375178,668,8,2220318,6663633,7375178,711545,5154860,711545,4443315,1,0
7439380,1639,2,3798179,6723174,7439380,716206,3641201,716206,2924995,0,0
7440938,1735,1,4016780,6723174,7440938,717764,3424158,717764,2706394,0,0
7451860,587,8,2007731,6738138,7451860,713722,5444129,713722,4730407,1,0
7454503,1712,1,3961974,6723174,7454503,731329,3492529,731329,2761200,3,0
7466621,1906,4,4309920,6747833,7466621,718788,3156701,718788,2437913,0,0
7493885,722,8,2329815,6770626,7493885,723259,5164070,723259,4440811,0,0
7497984,1777,1,4095020,6744553,7497984,753431,3402964,753431,2649533,3,0
7556211,801,8,2487790,6825502,7556211,730709,5068421,730709,4337712,0,0
7573841,1517,1,3622500,6818787,7573841,755054,3951341,755054,3196287,2,0
7602973,902,4,2759413,6868714,7602973,734259,4843560,734259,4109301,1,0
7613508,930,16,2800248,6964403,7613508,649105,4813260,649105,4164155,0,0
7635505,1509,1,3618303,6880100,7635505,755405,4017202,755405,3261797,1,0
7641739,1516,1,3622423,6880100,7641739,761639,4019316,761639,3257677,1,0
7642471,565,8,1980098,6896598,7642471,745873,5662373,745873,4916500,1,0
7720121,1122,1,3068173,6958171,7720121,761950,4651948,761950,3889998,3,0
7731707,881,8,2739645,6961008,7731707,770699,4992062,747559,4244503,1,0
7831878,1340,16,3374496,7126258,7831878,705620,4457382,705620,3751762,0,0
7892808,1807,4,4139356,7138620,7892808,754188,3753452,754188,2999264,0,0
7894150,298,4,1601053,7139685,7894150,754465,6293097,754465,5538632,0,0
7895563,1059,1,2991710,7133423,7895563,762140,4903853,762140,4141713,2,0
7962331,764,8,2419614,7079893,7962331,882438,5542717,753431,4789286,1,0
7995512,1773,4,4089784,7220888,7995512,774624,3905728,774624,3131104,1,0
8043978,803,1,2495753,7267763,8043978,776215,5548225,776215,4772010,0,0
8106401,832,1,2632713,7328855,8106401,777546,5473688,777546,4696142,0,0
8110189,1103,1,3055589,7328855,8110189,781334,5054600,781334,4273266,1,0
8118895,727,1,2342253,2342253,8118895,5776642,5776642,872583,4904059,63,0
8130315,859,8,2712874,7375178,8130315,755137,5417441,755137,4662304,0,0
8137068,306,4,1603522,7357511,8137068,779557,6533546,779557,5753989,1,0
8140800,1023,1,2898363,7328855,8140800,811945,5242437,811945,4430492,3,0
8166872,1004,1,2883291,7354107,8166872,812765,5283581,812765,4470816,2,0
8207171,1920,8,4323830,7451860,8207171,755311,3883341,755311,3128030,0,0
8249713,1660,8,3849703,7493885,8249713,755828,4400010,755828,3644182,0,0
8252762,585,1,2006559,2119285,8252762,6133477,6246203,1038668,5207535,158,0
8270697,967,4,2830160,7466621,8270697,804076,5440537,804076,4636461,1,0
8276503,1818,1,4185054,7439380,8276503,837123,4091449,837123,3254326,6,0
8284445,906,1,2768096,7440938,8284445,843507,5516349,843507,4672842,5,0
8301177,1647,1,3827424,7454503,8301177,846674,4473753,846674,3627079,3,0
8316715,1610,8,3777291,7556211,8316715,760504,4539424,760504,3778920,0,0
8351333,1297,1,3360708,7497984,8351333,853349,4990625,853349,4137276,2,0
8378890,1032,16,2917513,7613508,8378890,765382,5461377,765382,4695995,0,0
8416831,1375,8,3435762,7642471,8416831,774360,4981069,774360,4206709,0,0
8434771,974,4,2837460,7602973,8434771,831798,5597311,831798,4765513,4,0
8450078,1964,1,4420096,7573841,8450078,876237,4029982,876237,3153745,5,0
8512444,908,8,2769355,7731707,8512444,780737,5743089,780737,4962352,0,0
8513614,1879,1,4291700,7635505,8513614,878109,4221914,878109,3343805,3,0
8520330,1366,1,3426265,7641739,8520330,878591,5094065,878591,4215474,3,0
8613274,1748,8,4037207,7831878,8613274,781396,4576067,781396,3794671,0,0
8614915,1398,8,3447475,7831878,8614915,783037,5167440,783037,4384403,0,0
8626173,949,1,2811277,7720121,8626173,906052,5814896,906052,4908844,2,0
8695070,517,8,1895072,7894150,8695070,800920,6799998,800920,5999078,0,0
8764284,542,8,1961540,7962331,8764284,801953,6802744,801953,6000791,0,0
8802398,100,1,1095546,1095546,8802398,7706852,7706852,1589150,6117702,376,0
8841290,818,4,2533763,7892808,8841290,948482,6307527,847120,5460407,1,0
8940808,185,8,1245296,8130315,8940808,810493,7695512,810493,6885019,0,0
8961680,1243,1,3251588,8043978,8961680,917702,5710092,917702,4792390,3,0
8990175,733,8,2366023,8166872,8990175,823303,6624152,823303,5800849,0,0
9028042,1556,1,3692921,8106401,9028042,921641,5335121,921641,4413480,7,0
9042224,493,8,1845539,8207171,9042224,835053,7196685,835053,6361632,0,0
9090030,541,8,1959609,8249713,9090030,840317,7130421,840317,6290104,1,0
9120108,1904,4,4309171,8137068,9120108,983040,4810937,879215,3931722,2,0
9121004,1663,1,3864395,8110189,9121004,1010815,5256609,924925,4331684,7,0
9157080,1019,1,2893851,8118895,9157080,1038185,6263229,928554,5334675,6,0
9161524,976,8,2838710,8316715,9161524,844809,6322814,844809,5478005,0,0
9183550,701,16,2305606,8378890,9183550,804660,6877944,804660,6073284,0,0
9252348,842,1,2662251,8140800,9252348,1111548,6590097,993975,5596122,5,0
9269811,483,8,1774938,8416831,9269811,852980,7494873,852980,6641893,0,0
9312507,1369,1,3427983,8301177,9312507,1011330,5884524,1011330,4873194,5,0
9333714,1866,4,4263429,8434771,9333714,898943,5070285,898943,4171342,1,0
9366134,1411,1,3487778,8351333,9366134,1014801,5878356,1014801,4863555,4,0
9368817,751,8,2405183,8512444,9368817,856373,6963634,856373,6107261,0,0
9473677,1668,1,3900131,8450078,9473677,1023599,5573546,1023599,4549947,3,0
9474795,1090,8,3045237,8613274,9474795,861521,6429558,861521,5568037,0,0
9487674,1936,8,4353723,8614915,9487674,872759,5133951,872759,4261192,0,0
9540840,798,1,2485732,8513614,9540840,1027226,7055108,1027226,6027882,4,0
9580724,1882,1,4294766,8520330,9580724,1060394,5285958,1060394,4225564,3,0
9612781,823,4,2541525,8695070,9612781,917711,7071256,917711,6153545,0,0
9633350,1334,4,3370237,8695070,9633350,938280,6263113,938280,5324833,0,0
9687382,510,8,1875106,8764284,9687382,923098,7812276,923098,6889178,0,0
9688230,2,1,475911,475911,9688230,9212319,9212319,2206336,7005983,307,0
9854269,919,4,2786492,8841290,9854269,1012979,7067777,1012979,6054798,1,0
9869806,1329,8,3367724,8940808,9869806,928998,6502082,928998,5573084,1,0
9883178,1867,1,4269940,8802398,9883178,1080780,5613238,1080780,4532458,3,0
9935480,1414,8,3498818,8990175,9935480,945305,6436662,945305,5491357,1,0
10004113,1109,8,3057117,9042224,10004113,961889,6946996,961889,5985107,0,0
10057417,1482,8,3601585,9090030,10057417,967387,6455832,967387,5488445,1,0
10058815,1033,16,2924100,9183550,10058815,875265,7134715,875265,6259450,0,0
10062397,1201,1,3193537,8961680,10062397,1100717,6868860,1100717,5768143,5,0
10136039,1221,1,3193612,9028042,10136039,1107997,6942427,1107997,5834430,5,0
10140315,1760,8,4053733,9161524,10140315,978791,6086582,978791,5107791,0,0
10175380,863,2,2736378,9120108,10175380,1055272,7439002,1055272,6383730,4,0
10231730,922,1,2788786,9120108,10231730,1111622,7442944,1111622,6331322,5,0
10240680,985,1,2844243,9120108,10240680,1120572,7396437,1120572,6275865,6,0
10250226,1213,1,3193582,9121004,10250226,1129222,7056644,1129222,5927422,5,0
10288778,1505,1,3617543,9157080,10288778,1131698,6671235,1131698,5539537,4,0
10313821,125,8,1133603,9333714,10313821,980107,9180218,980107,8200111,0,0
10350678,1172,8,3167276,9368817,10350678,981861,7183402,981861,6201541,0,0
10387614,1267,1,3342636,9252348,10387614,1135266,7044978,1135266,5909712,5,0
10406446,1542,1,3654916,9269811,10406446,1136635,6751530,1136635,5614895,4,0
10422844,1292,1,3360328,9269811,10422844,1153033,7062516,1153033,5909483,4,0
10430355,1518,1,3622628,9269811,10430355,1160544,6807727,1160544,5647183,5,0
10448500,866,1,2736499,9269811,10448500,1178689,7712001,1178689,6533312,6,0
10484459,1812,8,4158422,9487674,10484459,996785,6326037,996785,5329252,0,0
10493422,1623,1,3794720,9312507,10493422,1180915,6698702,1180915,5517787,5,0
10540059,578,4,1999889,9269811,10540059,1270248,8540170,1129167,7411003,3,0
10583696,1928,1,4353064,9366134,10583696,1217562,6230632,1217562,5013070,5,0
10610329,1946,8,4372263,9612781,10610329,997548,6238066,997548,5240518,1,0
10696750,820,1,2536859,9473677,10696750,1223073,8159891,1223073,6936818,7,0
10709578,1689,8,3950080,9687382,10709578,1022196,6759498,1022196,5737302,0,0
10715890,1035,1,2925137,9474795,10715890,1241095,7790753,1241095,6549658,7,0
10730314,1057,1,2991688,9474795,10730314,1255519,7738626,1255519,6483107,7,0
10846890,1170,1,3166276,9474795,10846890,1372095,7680614,1265437,6415177,5,0
10855951,1814,1,4170856,9474795,10855951,1381156,6685095,1274498,5410597,6,0
10902638,1112,4,3059288,9580724,10902638,1321914,7843350,1134458,6708892,4,0
10902797,1938,8,4355145,9869806,10902797,1032991,6547652,1032991,5514661,1,0
10908446,1269,16,3343960,10004113,10908446,904333,7564486,904333,6660153,0,0
10958209,645,1,2162064,2395607,10958209,8562602,8796145,1315815,7480330,9,0
10987855,1239,16,3227030,10058815,10987855,929040,7760825,929040,6831785,0,0
11005887,792,1,2482324,9687382,11005887,1318505,8523563,1318505,7205058,7,0
11012549,410,1,1690870,1803964,11012549,9208585,9321679,1421401,7900278,62,0
11022269,1766,8,4072646,9935480,11022269,1086789,6949623,1033485,5916138,3,0
11195580,1541,8,3640312,10140315,11195580,1055265,7555268,1055265,6500003,0,0
11220790,584,1,2006497,2132136,11220790,9088654,9214293,1358537,7855756,18,0
11369485,1250,8,3270949,10313821,11369485,1055664,8098536,1055664,7042872,0,0
11402203,1895,1,4306246,10062397,11402203,1339806,7095957,1339806,5756151,8,0
11407257,1564,8,3703663,10350678,11407257,1056579,7703594,1056579,6647015,0,0
11483971,1317,1,3363638,10136039,11483971,1347932,8120333,1347932,6772401,12,0
11491530,1237,8,3193759,10422844,11491530,1068686,8297771,1068686,7229085,2,0
11526957,986,1,2845707,10175380,11526957,1351577,8681250,1351577,7329673,13,0
11546923,515,1,1889386,2138046,11546923,9408877,9657537,1375219,8282318,13,0
11555513,1530,8,3624228,10484459,11555513,1071054,7931285,1071054,6860231,2,0
11649320,1367,1,3426742,10231730,11649320,1417590,8222578,1391934,6830644,13,0
11680301,1627,4,3796469,10540059,11680301,1140242,7883832,1140242,6743590,2,0
11683323,911,8,2770483,10610329,11683323,1072994,8912840,1072994,7839846,1,0
11733002,408,1,1690865,1804519,11733002,9928483,10042137,1476907,8565230,47,0
11793531,1705,8,3961472,10709578,11793531,1083953,7832059,1083953,6748106,2,0
11843288,1225,1,3193632,10250226,11843288,1593062,8649656,1432210,7217446,11,0
11846789,1277,20,3357934,10908446,11846789,938343,8488855,938343,7550512,0,0
11934802,1036,16,2941883,10987855,11934802,946947,8992919,946947,8045972,0,0
11994795,1415,8,3498887,10902797,11994795,1091998,8495908,1091998,7403910,0,0
12010975,1636,1,3797987,10288778,12010975,1722197,8212988,1448291,6764697,13,0
12125800,945,8,2810304,11022269,12125800,1103531,9315496,1103531,8211965,0,0
12133511,889,1,2745477,10387614,12133511,1745897,9388034,1452851,7935183,13,0
12165670,1434,4,3514253,10902638,12165670,1263032,8651417,1158929,7492488,3,0
12169082,571,1,1982224,10406446,12169082,1762636,10186858,1455166,8731692,11,0
12310192,896,8,2755390,11195580,12310192,1114612,9554802,1114612,8440190,1,0
12325366,760,1,2410770,10846890,12325366,1478476,9914596,1478476,8436120,11,0
12391051,1242,16,3244126,11407257,12391051,983794,9146925,983794,8163131,0,0
12543565,377,1,1690306,1829006,12543565,10714559,10853259,1506156,9347103,29,0
12571127,653,8,2191069,11369485,12571127,1201642,10380058,1117369,9262689,2,0
12690556,364,8,1669444,11555513,12690556,1135043,11021112,1135043,9886069,0,0
12820269,1328,8,3367697,11683323,12820269,1136946,9452572,1136946,8315626,0,0
12831763,1298,1,3361170,10958209,12831763,1873554,9470593,1483900,7986693,11,0
12868089,242,16,1372983,11846789,12868089,1021300,11495106,1021300,10473806,0,0
12892096,1980,4,4471989,11680301,12892096,1211795,8420107,1211795,7208312,1,0
12930692,800,8,2486332,11793531,12930692,1137161,10444360,1137161,9307199,0,0
12970854,59,16,1013092,11934802,12970854,1036052,11957762,1036052,10921710,0,0
12973858,1208,1,3193562,11005887,12973858,1967971,9780296,1496549,8283747,10,0
13037065,947,1,2810948,11526957,13037065,1510108,10226117,1510108,8716009,9,0
13059325,1395,1,3445055,11546923,13059325,1512402,9614270,1512402,8101868,8,0
13063713,870,4,2736582,11846789,13063713,1216924,10327131,1216924,9110207,0,0
13164353,1730,1,4014622,11649320,13164353,1515033,9149731,1515033,7634698,7,0
13217337,1956,4,4389794,11994795,13217337,1222542,8827543,1222542,7605001,1,0
13242981,615,4,2008419,11994795,13242981,1248186,11234562,1248186,9986376,1,0
13262095,1220,1,3193608,11733002,13262095,1529093,10068487,1529093,8539394,6,0
13357537,673,8,2223540,12125800,13357537,1231737,11133997,1231737,9902260,2,0
13374746,198,1,1254374,1330048,13374746,12044698,12120372,1675834,10444538,63,0
13437469,1924,4,4340515,12165670,13437469,1271799,9096954,1271799,7825155,1,0
13464834,963,16,2828497,12391051,13464834,1073783,10636337,1073783,9562554,0,0
13543464,640,8,2154476,12310192,13543464,1233272,11388988,1233272,10155716,1,0
13544863,1210,1,3193572,12010975,13544863,1533888,10351291,1533888,8817403,6,0
13695696,1531,1,3625213,12133511,13695696,1562185,10070483,1562185,8508298,5,0
13740336,378,1,1690321,1833192,13740336,11907144,12050015,1573224,10476791,5,0
13820829,718,8,2323037,12571127,13820829,1249702,11497792,1249702,10248090,0,0
13899061,1320,1,3365017,12325366,13899061,1573695,10534044,1573695,8960349,4,0
13964758,1496,8,3615601,12690556,13964758,1274202,10349157,1274202,9074955,0,0
14029954,1139,16,3082926,12868089,14029954,1161865,10947028,1161865,9785163,0,0
14101169,774,8,2446230,12820269,14101169,1280900,11654939,1280900,10374039,2,0
14123186,1083,1,3018485,12543565,14123186,1579621,11104701,1579621,9525080,6,0
14142975,1537,16,3631862,12970854,14142975,1172121,10511113,1172121,9338992,0,0
14178273,1971,4,4433484,12892096,14178273,1286177,9744789,1286177,8458612,1,0
14234395,1642,8,3812024,12930692,14234395,1303703,10422371,1303703,9118668,1,0
14389691,1989,4,4487642,13063713,14389691,1325978,9902049,1325978,8576071,0,0
14452520,1047,1,2978463,12831763,14452520,1620757,11474057,1620757,9853300,8,0
14560262,968,4,2830704,13217337,14560262,1342925,11729558,1342925,10386633,0,0
14597905,1546,4,3661160,13242981,14597905,1354924,10936745,1354924,9581821,1,0
14604708,1771,1,4087394,12973858,14604708,1630850,10517314,1630850,8886464,7,0
14645358,707,16,2310637,13464834,14645358,1180524,12334721,1180524,11154197,0,0
14674082,1922,8,4334396,13357537,14674082,1316545,10339686,1316545,9023141,0,0
14682032,144,1,1165288,1206025,14682032,13476007,13516744,1770151,11746593,68,0
14730449,1234,1,3193667,13059325,14730449,1671124,11536782,1671124,9865658,7,0
14800996,1012,4,2891765,13437469,14800996,1363527,11909231,1363527,10545704,1,0
14837126,1171,1,3166329,13164353,14837126,1672773,11670797,1672773,9998024,7,0
14868338,886,8,2743072,13543464,14868338,1324874,12125266,1324874,10800392,0,0
14947385,446,1,1691672,13262095,14947385,1685290,13255713,1685290,11570423,6,0
15075366,1314,1,3363614,13374746,15075366,1700620,11711752,1700620,10011132,5,0
15176551,1527,8,3623578,13820829,15176551,1355722,11552973,1355722,10197251,0,0
15256831,438,1,1691512,13544863,15256831,1711968,13565319,1711968,11853351,3,0
15324599,1960,8,4417144,13964758,15324599,1359841,10907455,1359841,9547614,0,0
15334471,1655,16,3841937,14029954,15334471,1304517,11492534,1304517,10188017,0,0
15423327,411,1,1690872,13695696,15423327,1727631,13732455,1727631,12004824,5,0
15477768,194,4,1251798,1537294,15477768,13940474,14225970,1399368,12826602,8,0
15479748,107,1,1095914,1150477,15479748,14329271,14383834,1803571,12580263,43,0
15548135,983,4,2842212,14101169,15548135,1446966,12705923,1446966,11258957,0,0
15605923,730,8,2362242,14142975,15605923,1462948,13243681,1462948,11780733,0,0
15640380,1427,8,3505880,14142975,15640380,1497405,12134500,1497405,10637095,0,0
15642509,688,1,2255571,13899061,15642509,1743448,13386938,1743448,11643490,5,0
15689674,841,4,2662218,14178273,15689674,1511401,13027456,1511401,11516055,0,0
15749485,1968,4,4431138,14234395,15749485,1515090,11318347,1515090,9803257,0,0
15768749,1972,4,4434338,14234395,15768749,1534354,11334411,1534354,9800057,0,0
15881489,371,1,1690255,14123186,15881489,1758303,14191234,1758303,12432931,4,0
15930047,172,4,1195817,1206916,15930047,14723131,14734230,1559851,13174379,6,0
16116006,253,4,1432085,14560262,16116006,1555744,14683921,1555744,13128177,0,0
16163586,1852,8,4231928,14645358,16163586,1518228,11931658,1518228,10413430,0,0
16167431,1947,8,4373176,14645358,16167431,1522073,11794255,1522073,10272182,0,0
16206729,1024,8,2899015,14674082,16206729,1532647,13307714,1532647,11775067,0,0
16228365,1823,4,4188271,14597905,16228365,1630460,12040094,1630460,10409634,3,0
16271260,153,1,1165433,1226214,16271260,15045046,15105827,1848303,13257524,31,0
16420987,4,8,543390,543390,16420987,15877597,15877597,2042779,13834818,2,0
16466355,393,1,1690765,14604708,16466355,1861647,14775590,1861647,12913943,6,0
16487555,222,4,1284745,14800996,16487555,1686559,15202810,1686559,13516251,2,0
16542550,770,2,2427939,14730449,16542550,1812101,14114611,1812101,12302510,3,0
16651542,161,1,1167678,1229099,16651542,15422443,15483864,1879245,13604619,19,0
16771837,485,8,1806785,15176551,16771837,1595286,14965052,1595286,13369766,0,0
16837179,1372,1,3428118,14947385,16837179,1889794,13409061,1889794,11519267,2,0
16933521,1064,16,2996428,15334471,16933521,1599050,13937093,1599050,12338043,0,0
16960930,1476,8,3594238,15324599,16960930,1636331,13366692,1636331,11730361,0,0
16976272,1694,1,3960254,15075366,16976272,1900906,13016018,1900906,11115112,4,0
17160554,1236,1,3193678,15256831,17160554,1903723,13966876,1903723,12063153,5,0
17189227,535,8,1951848,15548135,17189227,1641092,15237379,1641092,13596287,0,0
17281968,1268,8,3343017,15605923,17281968,1676045,13938951,1676045,12262906,0,0
17319371,990,8,2857028,15640380,17319371,1678991,14462343,1678991,12783352,0,0
17341103,184,1,1245289,1245289,17341103,16095814,16095814,1917802,14178012,7,0
17391300,631,4,2152324,15477768,17391300,1913532,15238976,1771993,13466983,2,0
17436202,1180,1,3193437,15479748,17436202,1956454,14242765,1956454,12286311,5,0
17503852,1423,8,3501935,15768749,17503852,1735103,14001917,1735103,12266814,0,0
17600719,1195,1,3193505,15642509,17600719,1958210,14407214,1958210,12449004,4,0
17763173,1724,4,4005336,15749485,17763173,2013688,13757837,1852390,11905447,1,0
17858020,1169,1,3165603,15881489,17858020,1976531,14692417,1976531,12715886,2,0
17910200,790,8,2480916,16163586,17910200,1746614,15429284,1746614,13682670,0,0
17922191,895,8,2755202,16167431,17922191,1754760,15166989,1754760,13412229,0,0
17982250,1082,8,3018469,16206729,17982250,1775521,14963781,1775521,13188260,0,0
17984675,564,2,1979172,16116006,17984675,1868669,16005503,1868669,14136834,2,0
18128063,575,1,1988402,16116006,18128063,2012057,16139661,2012057,14127604,5,0
18140786,1291,1,3360284,16116006,18140786,2024780,14780502,2024780,12755722,5,0
18143894,201,4,1255314,16228365,18143894,1915529,16888580,1915529,14973051,1,0
18212007,1093,8,3045805,16420987,18212007,1791020,15166202,1791020,13375182,0,0
18301595,1160,1,3136944,16271260,18301595,2030335,15164651,2030335,13134316,2,0
18412245,278,4,1581732,16487555,18412245,1924690,16830513,1924690,14905823,1,0
18496781,570,1,1982201,16466355,18496781,2030426,16514580,2030426,14484154,3,0
18578566,1287,1,3359893,16542550,18578566,2036016,15218673,2036016,13182657,1,0
18601903,691,8,2279591,16771837,18601903,1830066,16322312,1830066,14492246,0,0
18614500,521,1,1925580,16542550,18614500,2071950,16688920,2071950,14616970,2,0
18752747,1383,16,3443428,16933521,18752747,1819226,15309319,1819226,13490093,0,0
18760629,1595,1,3760386,16651542,18760629,2109087,15000243,2109087,12891156,3,0
18791899,744,8,2385513,16960930,18791899,1830969,16406386,1830969,14575417,0,0
18948776,1359,1,3412047,16837179,18948776,2111597,15536729,2111597,13425132,3,0
19090134,1173,8,3167913,17189227,19090134,1900907,15922221,1900907,14021314,0,0
19102731,1338,1,3371378,16976272,19102731,2126459,15731353,2126459,13604894,2,0
19183487,1749,8,4039311,17281968,19183487,1901519,15144176,1901519,13242657,0,0
19232659,1428,8,3508947,17319371,19232659,1913288,15723712,1913288,13810424,1,0
19290131,1187,1,3193467,17160554,19290131,2129577,16096664,2129577,13967087,5,0
19421064,539,8,1957199,17503852,19421064,1917212,17463865,1917212,15546653,0,0
19462117,1955,4,4389277,17391300,19462117,2070817,15072840,2070817,13002023,2,0
19474097,624,1,2137254,17341103,19474097,2132994,17336843,2132994,15203849,4,0
19572738,1120,1,3065304,17436202,19572738,2136536,16507434,2136536,14370898,2,0
19739126,530,1,1944018,17600719,19739126,2138407,17795108,2138407,15656701,2,0
19792309,1270,16,3344094,17922191,19792309,1870118,16448215,1870118,14578097,0,0
19874539,1693,4,3959582,17763173,19874539,2111366,15914957,2111366,13803591,4,0
19888303,1976,8,4444486,17910200,19888303,1978103,15443817,1918044,13525773,2,0
20021326,937,1,2805539,17858020,20021326,2163306,17215787,2163306,15052481,4,0
20132532,807,8,2501458,18212007,20132532,1920525,17631074,1920525,15710549,0,0
20167229,1178,1,3188566,17984675,20167229,2182554,16978663,2182554,14796109,3,0
20181041,1324,1,3365714,17984675,20181041,2196366,16815327,2196366,14618961,4,0
20301218,1175,4,3183638,18143894,20301218,2157324,17117580,2157324,14960256,2,0
20352005,428,1,1691253,18128063,20352005,2223942,18660752,2223942,16436810,4,0
20366675,1958,1,4392441,18140786,20366675,2225889,15974234,2225889,13748345,4,0
20530218,175,1,1233608,1233608,20530218,19296610,19296610,2240304,17056306,15,0
20553212,699,8,2305071,18601903,20553212,1951309,18248141,1951309,16296832,0,0
20599911,180,4,1241289,18412245,20599911,2187666,19358622,2187666,17170956,4,0
20637220,1154,16,3114403,18752747,20637220,1884473,17522817,1884473,15638344,0,0
20730866,397,1,1690793,18496781,20730866,2234085,19040073,2234085,16805988,4,0
20765373,780,8,2454711,18791899,20765373,1973474,18310662,1973474,16337188,0,0
20818589,455,1,1691921,18578566,20818589,2240023,19126668,2240023,16886645,5,0
20862193,1177,1,3188296,18614500,20862193,2247693,17673897,2247693,15426204,3,0
21011493,463,1,1692088,18760629,21011493,2250864,19319405,2250864,17068541,2,0
21093909,1401,8,3449285,19090134,21093909,2003775,17644624,2003775,15640849,0,0
21190310,1779,8,4095109,19183487,21190310,2006823,17095201,2006823,15088378,0,0
21209425,102,1,1095698,1095698,21209425,20113727,20113727,2273631,17840096,15,0
21245846,248,8,1384680,19232659,21245846,2013187,19861166,2013187,17847979,0,0
21375992,1479,1,3595701,19102731,21375992,2273261,17780291,2273261,15507030,3,0
21440145,1593,8,3749178,19421064,21440145,2019081,17690967,2019081,15671886,0,0
21565813,752,1,2406374,19290131,21565813,2275682,19159439,2275682,16883757,3,0
21665108,1954,4,4384943,19462117,21665108,2202991,17280165,2202991,15077174,2,0
21750771,360,1,1639334,19474097,21750771,2276674,20111437,2276674,17834763,1,0
21813806,884,8,2742846,19792309,21813806,2021497,19070960,2021497,17049463,0,0
21827060,1926,8,4349964,19792309,21827060,2034751,17477096,2034751,15442345,0,0
21851270,146,1,1165316,1229099,21851270,20622171,20685954,2283312,18402642,4,0
21924915,1979,8,4468456,19888303,21924915,2036612,17456459,2036612,15419847,0,0
22020986,152,1,1165414,1229099,22020986,20791887,20855572,2286369,18569203,4,0
22108059,840,4,2662195,19888303,22108059,2219756,19445864,2219756,17226108,1,0
22169623,720,8,2326979,20132532,22169623,2037091,19842644,2037091,17805553,0,0
22297063,1073,1,3005327,19874539,22297063,2422524,19291736,2289501,17002235,4,0
22444918,1185,1,3193459,19874539,22444918,2570379,19251459,2291453,16960006,5,0
22468331,448,1,1691744,19874539,22468331,2593792,20776587,2301054,18475533,4,0
22547674,203,4,1255347,20301218,22547674,2246456,21292327,2246456,19045871,2,0
22613130,1116,8,3060000,20553212,22613130,2059918,19553130,2059918,17493212,0,0
22639809,453,1,1691844,19874539,22639809,2765270,20947965,2301568,18646397,4,0
22669874,437,1,1691493,20366675,22669874,2303199,20978381,2303199,18675182,3,0
22678170,767,16,2420053,20637220,22678170,2040950,20258117,2040950,18217167,0,0
22829398,1137,8,3082170,20765373,22829398,2064025,19747228,2064025,17683203,0,0
22838902,456,1,1691940,20530218,22838902,2308684,21146962,2308684,18838278,4,0
22881349,1772,4,4089411,20599911,22881349,2281438,18791938,2281438,16510500,3,0
23059808,442,1,1691594,20730866,23059808,2328942,21368214,2328942,19039272,3,0
23148641,710,1,2313989,20818589,23148641,2330052,20834652,2330052,18504600,2,0
23175354,980,8,2839765,21093909,23175354,2081445,20335589,2081445,18254144,0,0
23205528,844,1,2662314,20862193,23205528,2343335,20543214,2343335,18199879,2,0
23313205,1110,8,3058458,21190310,23313205,2122895,20254747,2122895,18131852,0,0
23369607,105,1,1095787,21011493,23369607,2358114,22273820,2358114,19915706,3,0
23407220,479,8,1740302,21245846,23407220,2161374,21666918,2161374,19505544,0,0
23572449,1288,1,3359921,21209425,23572449,2363024,20212528,2363024,17849504,2,0
23609824,1643,8,3812798,21440145,23609824,2169679,19797026,2169679,17627347,0,0
23739795,164,1,1167724,21375992,23739795,2363803,22572071,2363803,20208268,2,0
23957797,1425,1,3502396,21565813,23957797,2391984,20455401,2391984,18063417,1,0
23998025,1247,8,3255384,21813806,23998025,2184219,20742641,2184219,18558422,0,0
24053057,899,8,2756946,21827060,24053057,2225997,21296111,2225997,19070114,0,0
24080093,421,1,1690902,21665108,24080093,2414985,22389191,2414985,19974206,2,0
24083531,1656,1,3844194,21665108,24083531,2418423,20239337,2418423,17820914,3,0
24083977,1056,1,2991676,21665108,24083977,2418869,21092301,2418869,18673432,4,0
24087476,872,1,2736623,21665108,24087476,2422368,21350853,2422368,18928485,4,0
24175857,1584,1,3708703,21750771,24175857,2425086,20467154,2425086,18042068,4,0
24282826,1916,1,4313042,21851270,24282826,2431556,19969784,2431556,17538228,1,0
24364623,1756,8,4049625,22108059,24364623,2256564,20314998,2256564,18058434,0,0
24405256,806,1,2497555,21924915,24405256,2480341,21907701,2480341,19427360,2,0
24457395,231,8,1350010,22169623,24457395,2287772,23107385,2287772,20819613,0,0
24465472,376,1,1690299,21924915,24465472,2540557,22775173,2540557,20234616,3,0
24482844,97,1,1095394,1095394,24482844,23387450,23387450,2558233,20829217,8,0
24510315,1021,1,2894838,21924915,24510315,2585400,21615477,2585400,19030077,4,0
24630485,1123,1,3068989,22020986,24630485,2609499,21561496,2609499,18951997,4,0
24833182,365,16,1669786,22678170,24833182,2155012,23163396,2155012,21008384,0,0
24904924,1872,4,4279427,21924915,24904924,2980009,20625497,2540394,18085103,2,0
24909437,705,8,2309008,22613130,24909437,2296307,22600429,2296307,20304122,0,0
24946678,398,1,1690800,22297063,24946678,2649615,23255878,2649615,20606263,5,0
25100427,689,1,2261952,22444918,25100427,2655509,22838475,2655509,20182966,6,0
25137553,1447,1,3520575,22468331,25137553,2669222,21616978,2669222,18947756,5,0
25172890,1621,8,3790604,22829398,25172890,2343492,21382286,2343492,19038794,0,0
25359624,1770,1,4087366,22639809,25359624,2719815,21272258,2719815,18552443,5,0
25435205,267,4,1541381,22881349,25435205,2553856,23893824,2553856,21339968,1,0
25483203,81,1,1064146,1068634,25483203,24414569,24419057,2840252,21578805,23,0
25569177,1330,8,3367749,23175354,25569177,2393823,22201428,2393823,19807605,0,0
25668995,1055,1,2991565,22838902,25668995,2830093,22677430,2830093,19847337,5,0
25708037,1941,8,4355598,23313205,25708037,2394832,21352439,2394832,18957607,0,0
25833048,901,8,2758563,23407220,25833048,2425828,23074485,2425828,20648657,0,0
25896935,1629,1,3796510,23059808,25896935,2837127,22100425,2837127,19263298,6,0
26009098,1930,1,4353126,23148641,26009098,2860457,21655972,2860457,18795515,6,0
26038283,193,8,1251720,23609824,26038283,2428459,24786563,2428459,22358104,0,0
26070103,677,1,2227724,23205528,26070103,2864575,23842379,2864575,20977804,5,0
26301237,1204,1,3193548,23369607,26301237,2931630,23107689,2931630,20176059,5,0
26443755,1063,8,2996127,23998025,26443755,2445730,23447628,2445730,21001898,0,0
26502576,1260,8,3330983,24053057,26502576,2449519,23171593,2449519,20722074,0,0
26521677,793,1,2483261,23572449,26521677,2949228,24038416,2949228,21089188,6,0
26659945,1827,4,4197246,24087476,26659945,2572469,22462699,2572469,19890230,1,0
26695922,386,1,1690717,23739795,26695922,2956127,25005205,2956127,22049078,9,0
26868523,941,8,2807547,24364623,26868523,2503900,24060976,2503900,21557076,0,0
26931246,684,1,2243824,23957797,26931246,2973449,24687422,2973449,21713973,10,0
26967245,118,8,1105822,24457395,26967245,2509850,25861423,2509850,23351573,0,0
27036203,1278,16,3358054,24833182,27036203,2203021,23678149,2203021,21475128,0,0
27230889,435,1,1691432,24080093,27230889,3150796,25539457,3062415,22477042,11,0
27358368,441,1,1691572,24083531,27358368,3274837,25666796,3079487,22587309,9,0
27420520,738,8,2375225,24909437,27420520,2511083,25045295,2511083,22534212,0,0
27488501,1576,1,3707853,24083977,27488501,3404524,23780648,3086744,20693904,8,0
27540778,19,4,906308,906308,27540778,26634470,26634470,2777061,23857409,8,0
27552737,132,1,1161486,24465472,27552737,3087265,26391251,3087265,23303986,7,0
27575421,1018,1,2893819,24482844,27575421,3092577,24681602,3092577,21589025,6,0
27620295,449,1,1691765,24510315,27620295,3109980,25928530,3109980,22818550,5,0
27731510,119,8,1111825,25172890,27731510,2558620,26619685,2558620,24061065,0,0
27740657,434,1,1691413,24630485,27740657,3110172,26049244,3110172,22939072,6,0
28064720,106,1,1095885,24946678,28064720,3118042,26968835,3118042,23850793,5,0
28095627,1591,4,3746053,25435205,28095627,2660422,24349574,2660422,21689152,0,0
28145828,1737,8,4019436,25569177,28145828,2576651,24126392,2576651,21549741,0,0
28230180,413,1,1690879,25100427,28230180,3129753,26539301,3129753,23409548,6,0
28303635,163,1,1167711,25137553,28303635,3166082,27135924,3166082,23969842,6,0
28337410,602,8,2008139,25708037,28337410,2629373,26329271,2629373,23699898,0,0
28480775,1343,8,3399506,25833048,28480775,2647727,25081269,2647727,22433542,0,0
28534281,1199,1,3193525,25359624,28534281,3174657,25340756,3174657,22166099,6,0
28665687,108,1,1098912,25483203,28665687,3182484,27566775,3182484,24384291,5,0
28723197,867,4,2736539,26038283,28723197,2684914,25986658,2684914,23301744,0,0
28728183,1750,4,4040328,26038283,28728183,2689900,24687855,2689900,21997955,0,0
28872221,1471,1,3580208,25668995,28872221,3203226,25292013,3203226,22088787,6,0
29133187,1092,8,3045783,26443755,29133187,2689432,26087404,2689432,23397972,0,0
29145821,1231,1,3193655,25896935,29145821,3248886,25952166,3248886,22703280,5,0
29193899,1318,8,3363912,26502576,29193899,2691323,25829987,2691323,23138664,0,0
29270449,1188,1,3193471,26009098,29270449,3261351,26076978,3261351,22815627,6,0
29334264,1131,1,3078680,26070103,29334264,3264161,26255584,3264161,22991423,4,0
29378948,1486,16,3603230,27036203,29378948,2342745,25775718,2342745,23432973,0,0
29481246,1738,4,4019622,26659945,29481246,2821301,25461624,2821301,22640323,1,0
29574863,1507,1,3617610,26301237,29574863,3273626,25957253,3273626,22683627,5,0
29591107,821,8,2538363,26868523,29591107,2722584,27052744,2722584,24330160,0,0
29800315,1249,8,3265631,26967245,29800315,2833070,26534684,2833070,23701614,0,0
29823887,1935,1,4353129,26521677,29823887,3302210,25470758,3302210,22168548,5,0
30022865,424,1,1690915,26695922,30022865,3326943,28331950,3326943,25005007,4,0
30282647,1397,1,3445118,26931246,30282647,3351401,26837529,3351401,23486128,4,0
30332881,1150,8,3104922,27420520,30332881,2912361,27227959,2912361,24315598,0,0
30540254,220,4,1284690,27540778,30540254,2999476,29255564,2999476,26256088,0,0
30605946,1510,1,3618823,27230889,30605946,3375057,26987123,3375057,23612066,6,0
30684603,178,8,1238400,27731510,30684603,2953093,29446203,2953093,26493110,0,0
30870657,1430,1,3510026,27358368,30870657,3512289,27360631,3512289,23848342,8,0
31008944,670,1,2223204,27488501,31008944,3520443,28785740,3520443,25265297,6,0
31076922,865,2,2736420,27620295,31076922,3456627,28340502,3456627,24883875,2,0
31091366,843,1,2662291,27552737,31091366,3538629,28429075,3538629,24890446,5,0
31114450,1768,4,4086592,28095627,31114450,3018823,27027858,3018823,24009035,0,0
31186492,1101,8,3053861,28145828,31186492,3040664,28132631,3040664,25091967,0,0
31281388,1892,1,4305861,27575421,31281388,3705967,26975527,3585605,23389922,5,0
31383782,1146,8,3095703,28337410,31383782,3046372,28288079,3046372,25241707,0,0
31586058,644,8,2161910,28480775,31586058,3105283,29424148,3105283,26318865,0,0
31679471,415,1,1690884,28064720,31679471,3614751,29988587,3614751,26373836,7,0
31840943,754,2,2406416,28303635,31840943,3537308,29434527,3537308,25897219,5,0
31892008,678,4,2227731,28728183,31892008,3163825,29664277,3163825,26500452,0,0
32158360,1206,1,3193555,28230180,32158360,3928180,28964805,3697534,25267271,5,0
32182496,1945,16,4367266,29378948,32182496,2803548,27815230,2803548,25011682,0,0
32278235,836,2,2662074,28723197,32278235,3555038,29616161,3555038,26061123,2,0
32300138,1646,8,3827358,29133187,32300138,3166951,28472780,3166951,25305829,0,0
32349930,824,2,2541943,28723197,32349930,3626733,29807987,3626733,26181254,4,0
32387369,270,4,1544882,29193899,32387369,3193470,30842487,3193470,27649017,0,0
32438052,1223,1,3193624,28665687,32438052,3772365,29244428,3772365,25472063,6,0
32543760,1615,4,3785220,29193899,32543760,3349861,28758540,3349861,25408679,2,0
32686871,537,1,1952436,28872221,32686871,3814650,30734435,3814650,26919785,6,0
32789089,1335,8,3370534,29591107,32789089,3197982,29418555,3197982,26220573,0,0
32988339,1058,1,2991699,29145821,32988339,3842518,29996640,3842518,26154122,7,0
33009006,79,8,1062109,29800315,33009006,3208691,31946897,3208691,28738206,0,0
33131569,1205,1,3193551,29270449,33131569,3861120,29938018,3861120,26076898,5,0
33174771,862,2,2736359,29481246,33174771,3693525,30438412,3693525,26744887,4,0
33205672,1189,1,3193474,29334264,33205672,3871408,30012198,3871408,26140790,6,0
33428338,1212,1,3193578,29481246,33428338,3947092,30234760,3947092,26287668,5,0
33516594,934,1,2803110,29481246,33516594,4035348,30713484,4035348,26678136,5,0
33662258,1087,8,3025072,30332881,33662258,3329377,30637186,3329377,27307809,0,0
33685785,465,1,1692806,29574863,33685785,4110922,31992979,4110922,27882057,6,0
33970682,96,1,1095354,1095354,33970682,32875328,32875328,4146987,28728341,9,0
34058376,1871,8,4275968,30684603,34058376,3373773,29782408,3373773,26408635,0,0
34269163,221,4,1284714,30540254,34269163,3728909,32984449,3728909,29255540,3,0
34330418,1002,1,2882601,30022865,34330418,4307553,31447817,4307553,27140264,7,0
34588683,1385,8,3443903,31186492,34588683,3402191,31144780,3402191,27742589,0,0
34771135,1624,1,3794751,30282647,34771135,4488488,30976384,4488488,26487896,11,0
34837232,1140,8,3083693,31383782,34837232,3453450,31753539,3453450,28300089,0,0
34920797,1670,4,3934777,31114450,34920797,3806347,30986020,3806347,27179673,3,0
35086618,635,2,2153175,30870657,35086618,4215961,32933443,4215961,28717482,8,0
35120422,37,8,961716,961716,35120422,34158706,34158706,3598447,30560259,2,0
35256832,972,16,2836299,32182496,35256832,3074336,32420533,3074336,29346197,0,0
35362572,864,2,2736397,31076922,35362572,4285650,32626175,4285650,28340525,8,0
35524286,1717,1,3969174,30605946,35524286,4918340,31555112,4780053,26775059,12,0
35699048,663,4,2206945,31892008,35699048,3807040,33492103,3807040,29685063,1,0
35957210,1200,1,3193529,31091366,35957210,4865844,32763681,4865844,27897837,11,0
35980432,1095,8,3046027,32300138,35980432,3680294,32934405,3680294,29254111,0,0
36149590,1196,1,3193509,31281388,36149590,4868202,32956081,4868202,28087879,11,0
36204063,1713,4,3963727,32387369,36204063,3816694,32240336,3816694,28423642,1,0
36521598,1839,8,4216702,32789089,36521598,3732509,32304896,3732509,28572387,0,0
36581309,1370,1,3428071,31679471,36581309,4901838,33153238,4901838,28251400,11,0
36584719,1786,4,4107995,32543760,36584719,4040959,32476724,4040959,28435765,2,0
36635934,784,2,2470343,31840943,36635934,4794991,34165591,4794991,29370600,11,0
36769192,1995,8,4499365,33009006,36769192,3760186,32269827,3760186,28509641,0,0
36994880,742,8,2381329,33205672,36994880,3789208,34613551,3789208,30824343,0,0
37064516,11,1,880119,880119,37064516,36184397,36184397,5106406,31077991,40,0
37239241,1190,1,3193479,32278235,37239241,4961006,34045762,4961006,29084756,15,0
37267409,1227,1,3193640,32278235,37267409,4989174,34073769,4989174,29084595,16,0
37366504,1218,1,3193600,32349930,37366504,5016574,34172904,5016574,29156330,14,0
37457716,1448,8,3521490,33662258,37457716,3795458,33936226,3795458,30140768,2,0
37633254,1197,1,3193513,32349930,37633254,5283324,34439741,5060658,29379083,15,0
37824021,1217,1,3193597,32438052,37824021,5385969,34630424,5075047,29555377,13,0
37930419,258,8,1463221,34058376,37930419,3872043,36467198,3872043,32595155,2,0
38118973,1789,16,4120729,34837232,38118973,3281741,33998244,3281741,30716503,0,0
38354417,1990,1,4489182,32686871,38354417,5667546,33865235,5187433,28677802,12,0
38456388,637,4,2153445,33174771,38456388,5281617,36302943,4218126,32084817,5,0
38597952,667,16,2218836,35256832,38597952,3341120,36379116,3341120,33037996,0,0
38774699,892,8,2753753,34588683,38774699,4186016,36020946,3902826,32118120,2,0
38983843,1286,1,3359853,32988339,38983843,5995504,35623990,5199593,30424397,12,0
39220521,632,4,2152367,34920797,39220521,4299724,37068154,4299724,32768430,3,0
39531775,1932,1,4353128,33131569,39531775,6400206,35178647,5244559,29934088,9,0
39975352,478,8,1730719,35980432,39975352,3994920,38244633,3994920,34249713,0,0
40057779,1616,4,3785531,35699048,40057779,4358731,36272248,4358731,31913517,0,0
40079625,952,1,2811581,34771135,40079625,5308490,37268044,5308490,31959554,9,0
40403631,388,1,1690731,35086618,40403631,5317013,38712900,5317013,33395887,8,0
40411600,971,1,2836246,35086618,40411600,5324982,37575354,5324982,32250372,9,0
40532146,686,8,2252441,36521598,40532146,4010548,38279705,4010548,34269157,0,0
40665809,1769,4,4087155,36204063,40665809,4461746,36578654,4461746,32116908,0,0
40738990,799,1,2485905,35362572,40738990,5376418,38253085,5376418,32876667,7,0
40740633,459,1,1692014,35362572,40740633,5378061,39048619,5378061,33670558,8,0
40928667,458,1,1692001,35524286,40928667,5404381,39236666,5404381,33832285,9,0
40943850,748,8,2403395,36769192,40943850,4174658,38540455,4174658,34365797,0,0
41172809,1788,4,4110710,36584719,41172809,4588090,37062099,4588090,32474009,2,0
41195056,762,8,2411456,36994880,41195056,4200176,38783600,4200176,34583424,1,0
41366753,381,1,1690680,35957210,41366753,5409543,39676073,5409543,34266530,12,0
41478469,1166,16,3157915,38118973,41478469,3359496,38320554,3359496,34961058,0,0
41581805,1652,1,3834993,36149590,41581805,5432215,37746812,5432215,32314597,12,0
41677347,1094,8,3045855,37457716,41677347,4219631,38631492,4219631,34411861,1,0
41802636,662,4,2206919,37064516,41802636,4738120,39595717,4738120,34857597,6,0
42158778,1030,8,2908848,37930419,42158778,4228359,39249930,4228359,35021571,0,0
42168488,1549,16,3673785,38597952,42168488,3570536,38494703,3570536,34924167,0,0
42192156,443,1,1691611,36581309,42192156,5610847,40500545,5436122,35064423,12,0
42354003,1638,2,3798158,36635934,42354003,5718069,38555845,5416081,33139764,9,0
43019559,167,1,1167770,37267409,43019559,5752150,41851789,5485400,36366389,7,0
43164379,879,8,2738353,38774699,43164379,4389680,40426026,4389680,36036346,0,0
43195035,533,4,1946210,38456388,43195035,4738647,41248825,4738647,36510178,2,0
43343630,13,1,880165,880165,43343630,42463465,42463465,5695853,36767612,49,0
43882971,1653,1,3837215,38354417,43882971,5528554,40045756,5528554,34517202,5,0
43969877,580,4,1999956,39220521,43969877,4749356,41969921,4749356,37220565,1,0
44382176,690,8,2279108,39975352,44382176,4406824,42103068,4406824,37696244,0,0
44538419,158,1,1165528,38983843,44538419,5554576,43372891,5554576,37818315,5,0
44834820,1672,4,3935213,40057779,44834820,4777041,40899607,4777041,36122566,1,0
44984586,1251,8,3271106,40532146,44984586,4452440,41713480,4452440,37261040,0,0
45089145,1104,1,3055694,39531775,45089145,5557370,42033451,5557370,36476081,6,0
45195092,706,16,2310327,41478469,45195092,3716623,42884765,3716623,39168142,0,0
45396736,8,8,837589,837589,45396736,44559147,44559147,4639252,39919895,1,0
45630523,495,8,1845693,41172809,45630523,4457714,43784830,4457714,39327116,0,0
45649955,817,1,2532070,40079625,45649955,5570330,43117885,5570330,37547555,8,0
45679927,1907,8,4310017,41195056,45679927,4484871,41369910,4484871,36885039,0,0
45979725,907,1,2768658,40403631,45979725,5576094,43211067,5576094,37634973,9,0
46223105,148,1,1165345,40411600,46223105,5811505,45057760,5811505,39246255,10,0
46330578,743,8,2384534,41677347,46330578,4653231,43946044,4653231,39292813,0,0
46461415,503,4,1863316,40665809,46461415,5795606,44598099,5165779,39432320,5,0
46717183,869,1,2736572,40738990,46717183,5978193,43980611,5978193,38002418,10,0
46783706,368,1,1685688,40740633,46783706,6043073,45098018,6043073,39054945,9,0
46813614,206,8,1262609,42158778,46813614,4654836,45551005,4654836,40896169,0,0
46877556,1603,8,3769832,42168488,46877556,4709068,43107724,4709068,38398656,0,0
46934795,618,8,2013228,42168488,46934795,4766307,44921567,4766307,40155260,0,0
47191703,50,1,999520,999520,47191703,46192183,46192183,6318472,39873711,51,0
47676627,1628,1,3796485,41366753,47676627,6309874,43880142,6309874,37570268,8,0
47980085,414,1,1690880,41581805,47980085,6398280,46289205,6398280,39890925,6,0
48317675,857,8,2705699,43164379,48317675,5153296,45611976,5153296,40458680,0,0
48383477,271,4,1544974,43195035,48383477,5188442,46838503,5188442,41650061,0,0
48724334,526,1,1935047,42192156,48724334,6532178,46789287,6532178,40257109,5,0
49124260,425,1,1690919,42354003,49124260,6770257,47433341,6770257,40663084,5,0
49143946,1306,1,3362419,42354003,49143946,6789943,45781527,6789943,38991584,5,0
49162394,254,4,1432295,43969877,49162394,5192517,47730099,5192517,42537582,0,0
49572082,1747,8,4036359,44382176,49572082,5189906,45535723,5189906,40345817,0,0
49953190,1045,1,2972871,43019559,49953190,6933631,46980319,6933631,40046688,7,0
50122815,80,4,1062187,44834820,50122815,5287995,49060628,5287995,43772633,0,0
50193026,36,8,956090,976589,50193026,49216437,49236936,5239798,43997138,1,0
50288206,1431,1,3510139,43343630,50288206,6944576,46778067,6944576,39833491,6,0
50481720,209,8,1273245,45195092,50481720,5286628,49208475,5286628,43921847,0,0
50567992,9,8,837888,837888,50567992,49730104,49730104,5540214,44189890,1,0
50805254,16,8,896743,896743,50805254,49908511,49908511,5515923,44392588,1,0
51005156,308,1,1606851,43882971,51005156,7122185,49398305,7122185,42276120,8,0
51046702,1783,4,4104398,45630523,51046702,5416179,46942304,5416179,41526125,0,0
51120028,1489,8,3605180,45679927,51120028,5440101,47514848,5440101,42074747,0,0
51198610,829,4,2553043,45630523,51198610,5568087,48645567,5568087,43077480,2,0
51677366,98,1,1095479,44538419,51677366,7138947,50581887,7138947,43442940,9,0
51792099,1657,8,3845179,46330578,51792099,5461521,47946920,5461521,42485399,0,0
52033136,1890,4,4305223,46461415,52033136,5571721,47727913,5571721,42156192,0,0
52279019,1191,1,3193483,45089145,52279019,7189874,49085536,7189874,41895662,9,0
52390293,217,4,1284564,46813614,52390293,5576679,51105729,5576679,45529050,0,0
52427783,1547,4,3665692,46813614,52427783,5614169,48762091,5614169,43147922,0,0
52484766,264,8,1501448,46877556,52484766,5607210,50983318,5607210,45376108,0,0
52569298,1681,8,3947752,46934795,52569298,5634503,48621546,5634503,42987043,0,0
53151982,1525,1,3623248,45649955,53151982,7502027,49528734,7502027,42026707,11,0
53513761,1300,1,3361468,45979725,53513761,7534036,50152293,7534036,42618257,10,0
54068682,423,1,1690911,46223105,54068682,7845577,52377771,7845577,44532194,10,0
54069598,28,8,930880,48317675,54069598,5751923,53138718,5751923,47386795,0,0
54198924,69,4,1028041,48383477,54198924,5815447,53170883,5815447,47355436,0,0
54574852,359,1,1639287,46717183,54574852,7857669,52935565,7857669,45077896,9,0
54657335,403,1,1690836,46783706,54657335,7873629,52966499,7873629,45092870,9,0
55087372,430,1,1691309,47191703,55087372,7895669,53396063,7895669,45500394,6,0
55358965,169,8,1181272,49572082,55358965,5786883,54177693,5786883,48390810,0,0
55482813,276,4,1579787,49162394,55482813,6320419,53903026,6320419,47582607,0,0
55632579,361,1,1639369,47676627,55632579,7955952,53993210,7955952,46037258,8,0
55892074,486,16,1811759,50481720,55892074,5410354,54080315,5410354,48669961,0,0
56035870,110,1,1098983,47980085,56035870,8055785,54936887,8055785,46881102,8,0
56109961,1429,8,3508975,50193026,56109961,5916935,52600986,5916935,46684051,0,0
56392939,1444,8,3518099,50288206,56392939,6104733,52874840,6018461,46856379,1,0
56788856,147,1,1165329,48724334,56788856,8064522,55623527,8064522,47559005,11,0
56860434,1470,8,3571448,50805254,56860434,6055180,53288986,6055180,47233806,1,0
57361636,1781,4,4103465,50122815,57361636,7238821,53258171,6480325,46777846,3,0
57813817,1876,8,4288803,51120028,57813817,6693789,53525014,6693789,46831225,1,0
57922185,1650,4,3833043,51198610,57922185,6723575,54089142,6723575,47365567,1,0
58504716,1076,8,3013225,51792099,58504716,6712617,55491491,6712617,48778874,0,0
58803146,558,2,1978456,49143946,58803146,9659200,56824690,7914270,48910420,6,0
59037681,1054,1,2989800,49124260,59037681,9913421,56047881,8387227,47660654,11,0
59157717,789,8,2480826,52427783,59157717,6729934,56676891,6729934,49946957,0,0
59285075,7,8,671239,671239,59285075,58613836,58613836,7090786,51523050,1,0
59377559,1863,4,4260899,52390293,59377559,6987266,55116660,6845751,48270909,1,0
59581365,1752,4,4040559,52569298,59581365,7012067,55540806,7012067,48528739,0,0
60299304,1640,2,3798201,52033136,60299304,8266168,56501103,8266168,48234935,6,0
60315840,1325,1,3365736,51677366,60315840,8638474,56950104,8638474,48311630,9,0
61092112,1671,4,3935151,54069598,61092112,7022514,57156961,7022514,50134447,0,0
61119185,452,1,1691827,52279019,61119185,8840166,59427358,8840166,50587192,8,0
61256731,639,8,2153614,54198924,61256731,7057807,59103117,7057807,52045310,0,0
61985118,23,16,926406,926406,61985118,61058712,61058712,6129666,54929046,1,0
62141492,557,1,1974659,53151982,62141492,8989510,60166833,8989510,51177323,6,0
62450153,586,8,2007701,55358965,62450153,7091188,60442452,7091188,53351264,0,0
62617315,427,1,1691226,53513761,62617315,9103554,60926089,9103554,51822535,7,0
62703048,197,4,1253665,54069598,62703048,8633450,61449383,7349561,54099822,1,0
63192253,468,1,1703761,54068682,63192253,9123571,61488492,9123571,52364921,9,0
63333146,27,8,930730,930730,63333146,62402416,62402416,7248545,55153871,1,0
63643216,924,8,2795275,56392939,63643216,7250277,60847941,7250277,53597664,0,0
63823983,563,2,1979127,54657335,63823983,9166648,61844856,9166648,52678208,8,0
64208111,1600,8,3764205,56860434,64208111,7347677,60443906,7347677,53096229,0,0
64415729,1179,1,3193433,54574852,64415729,9840877,61222296,9410840,51811456,10,0
64745367,497,4,1853263,57361636,64745367,7383731,62892104,7383731,55508373,0,0
65059625,379,1,1690337,55632579,65059625,9427046,63369288,9427046,53942242,8,0
65334345,1545,4,3660369,57813817,65334345,7520528,61673976,7520528,54153448,0,0
65519569,1271,1,3344219,56035870,65519569,9483699,62175350,9483699,52691651,6,0
65700153,90,4,1081252,57922185,65700153,7777968,64618901,7777968,56840933,0,0
66314745,1555,4,3692850,58504716,66314745,7810029,62621895,7810029,54811866,0,0
66351829,1226,1,3193637,56788856,66351829,9562973,63158192,9562973,53595219,5,0
66641805,737,8,2374026,58803146,66641805,7838659,64267779,7838659,56429120,1,0
67040400,1353,8,3406034,59157717,67040400,7882683,63634366,7882683,55751683,0,0
67199335,1720,8,3975440,59285075,67199335,7914260,63223895,7914260,55309635,0,0
67501686,417,1,1690887,57813817,67501686,9687869,65810799,9687869,56122930,7,0
67563222,1626,4,3796441,58504716,67563222,9058506,63766781,8484093,55282688,2,0
67591172,1060,1,2991721,57813817,67591172,9777355,64599451,9777355,54822096,9,0
67864078,387,1,1690724,57813817,67864078,10050261,66173354,9815726,56357628,8,0
68277095,1630,4,3796527,59581365,68277095,8695730,64480568,8695730,55784838,2,0
68701497,35,16,953317,61985118,68701497,6716379,67748180,6716379,61031801,0,0
69149809,369,1,1685757,57813817,69149809,11335992,67464052,9839834,57624218,6,0
69248792,1825,8,4194251,61256731,69248792,7992061,65054541,7992061,57062480,0,0
69851349,538,4,1952823,61092112,69851349,8759237,67898526,8759237,59139289,2,0
70158211,536,1,1952420,60299304,70158211,9858907,68205791,9858907,58346884,5,0
70259437,362,1,1639430,60315840,70259437,9943597,68620007,9943597,58676410,5,0
70621791,1100,8,3053489,62450153,70621791,8171638,67568302,8171638,59396664,0,0
71063942,1651,1,3834945,61119185,71063942,9944757,67228997,9944757,57284240,6,0
71638984,900,8,2758515,63333146,71638984,8305838,68880469,8305838,60574631,0,0
72131929,833,1,2632777,62141492,72131929,9990437,69499152,9990437,59508715,5,0
72245173,75,8,1042649,63643216,72245173,8601957,71202524,8601957,62600567,0,0
72855904,1062,8,2995996,64208111,72855904,8647793,69859908,8647793,61212115,0,0
72994525,466,1,1692810,62617315,72994525,10377210,71301715,10377210,60924505,5,0
73026581,522,4,1930098,62703048,73026581,10323533,71096483,10323533,60772950,5,0
73829460,422,1,1690906,63192253,73829460,10637207,72138554,10637207,61501347,6,0
74150980,1961,8,4417173,65334345,74150980,8816635,69733807,8816635,60917172,0,0
74493701,93,1,1088222,63823983,74493701,10669718,73405479,10669718,62735761,4,0
74549229,499,1,1860327,63823983,74549229,10725246,72688902,10725246,61963656,5,0
75196323,1043,1,2972813,64415729,75196323,10780594,72223510,10780594,61442916,5,0
75315112,273,8,1550718,66314745,75315112,9000367,73764394,9000367,64764027,0,0
75631808,516,1,1889570,64745367,75631808,10886441,73742238,10886441,62855797,6,0
75794234,714,8,2319610,66641805,75794234,9152429,73474624,9152429,64322195,0,0
75851434,1183,1,3193452,64745367,75851434,11106067,72657982,10920843,61737139,7,0
75855009,512,16,1879956,68701497,75855009,7153512,73975053,7153512,66821541,0,0
76224977,1622,1,3794697,64745367,76224977,11479610,72430280,11076718,61353562,5,0
76352555,78,8,1062049,67199335,76352555,9153220,75290506,9153220,66137286,0,0
76782680,1723,8,3997704,67563222,76782680,9219458,72784976,9219458,63565518,0,0
77231841,540,1,1957901,64745367,77231841,12486474,75273940,11395011,63878929,4,0
77732180,1495,1,3615597,65059625,77732180,12672555,74116583,11581092,62535491,7,0
78045660,447,1,1691721,65700153,78045660,12345507,76353939,11619852,64734087,7,0
78645211,882,8,2739712,69248792,78645211,9396419,75905499,9396419,66509080,0,0
78698156,400,1,1690813,67040400,78698156,11657756,77007343,11657756,65349587,7,0
78738474,888,1,2743130,67040400,78738474,11698074,75995344,11698074,64297270,7,0
78860094,392,1,1690759,67040400,78860094,11819694,77169335,11730208,65439127,6,0
79145108,431,1,1691328,67040400,79145108,12104708,77453780,11742316,65711464,6,0
79306644,46,4,991717,1018070,79306644,78288574,78314927,11093523,67221404,5,0
80150461,566,8,1980210,70621791,80150461,9528670,78170251,9528670,68641581,0,0
80439328,432,1,1691363,67040400,80439328,13398928,78747965,11750805,66997160,6,0
81182780,1437,4,3516892,69851349,81182780,11331431,77665888,11331431,66334457,4,0
81377699,1855,8,4245400,71638984,81377699,9738715,77132299,9738715,67393584,0,0
81949158,391,1,1690752,70158211,81949158,11790947,80258406,11790947,68467459,4,0
82137181,109,1,1098951,70259437,82137181,11877744,81038230,11877744,69160486,4,0
82181151,939,8,2807374,72245173,82181151,9935978,79373777,9935978,69437799,0,0
82845630,115,8,1101445,72855904,82845630,9989726,81744185,9989726,71754459,0,0
82965288,358,1,1639246,71063942,82965288,11901346,81326042,11901346,69424696,4,0
84139775,574,1,1988375,72131929,84139775,12007846,82151400,12007846,70143554,4,0
84213488,1245,8,3252017,74150980,84213488,10062508,80961471,10062508,70898963,0,0
85025464,166,1,1167748,72994525,85025464,12030939,83857716,12030939,71826777,3,0
85070377,1192,1,3193487,73026581,85070377,12043796,81876890,12043796,69833094,2,0
85147473,1441,1,3517379,73026581,85147473,12120892,81630094,12120892,69509202,2,0
85411432,1664,1,3876343,73026581,85411432,12384851,81535089,12384851,69150238,4,0
85423631,696,8,2297936,75315112,85423631,10108519,83125695,10108519,73017176,0,0
85506241,1254,1,3279636,73026581,85506241,12479660,82226605,12479660,69746945,4,0
86322451,1400,8,3449080,75794234,86322451,10528217,82873371,10528217,72345154,0,0
86475145,1393,1,3444949,73829460,86475145,12645685,83030196,12645685,70384511,6,0
86650760,230,8,1339183,75855009,86650760,10795751,85311577,10795751,74515826,0,0
86657080,728,8,2344821,75855009,86657080,10802071,84312259,10802071,73510188,0,0
87204064,1560,8,3695009,76352555,87204064,10851509,83509055,10851509,72657546,0,0
87329470,436,1,1691458,74493701,87329470,12835769,85638012,12835769,72802243,6,0
87458938,44,1,990526,990526,87458938,86468412,86468412,12953525,73514887,46,0
88120168,416,1,1690886,75196323,88120168,12923845,86429282,12923845,73505437,7,0
88306867,1551,8,3688899,76782680,88306867,11524187,84617968,11524187,73093781,0,0
88653443,420,1,1690898,75631808,88653443,13021635,86962545,13021635,73940910,6,0
89045297,873,1,2736644,75851434,89045297,13193863,86308653,13193863,73114790,5,0
89426462,136,1,1161574,76224977,89426462,13201485,88264888,13201485,75063403,4,0
90200139,1602,8,3764385,78645211,90200139,11554928,86435754,11554928,74880826,0,0
90619556,572,1,1982246,77231841,90619556,13387715,88637310,13387715,75249595,3,0
91138076,150,1,1165380,77732180,91138076,13405896,89972696,13405896,76566800,4,0
91691824,99,1,1095513,78045660,91691824,13646164,90596311,13646164,76950147,5,0
91708346,1774,4,4090632,79306644,91708346,12401702,87617714,12401702,75216012,0,0
92344296,1965,8,4421903,80150461,92344296,12193835,87922393,12193835,75728558,0,0
92713738,1914,1,4312695,78698156,92713738,14015582,88401043,14015582,74385461,5,0
92856651,1371,1,3428093,78738474,92856651,14118177,89428558,14118177,75310381,4,0
93226667,155,1,1165474,78860094,93226667,14366573,92061193,14366573,77694620,4,0
93535241,1194,1,3193499,79145108,93535241,14390133,90341742,14390133,75951609,4,0
93860940,1817,4,4179419,81377699,93860940,12483241,89681521,12483241,77198280,0,0
94311817,1257,4,3310362,81377699,94311817,12934118,91001455,12934118,78067337,0,0
94805625,1601,8,3764312,82181151,94805625,12624474,91041313,12624474,78416839,0,0
94907186,0,1,0,0,94907186,94907186,94907186,15486530,79420656,44,0
95604441,173,8,1207706,82845630,95604441,12758811,94396735,12758811,81637924,0,0
96243111,1625,1,3796419,81182780,96243111,15060331,92446692,15060331,77386361,6,0
96243604,373,1,1690269,81182780,96243604,15060824,94553335,15060824,79492511,6,0
96344648,145,1,1165303,81182780,96344648,15161868,95179345,15161868,80017477,6,0
96981645,1813,8,4169731,84213488,96981645,12768157,92811914,12768157,80043757,0,0
97039575,1504,1,3617511,81182780,97039575,15856795,93422064,15856795,77565269,7,0
97971510,1312,1,3363209,81949158,97971510,16022352,94608301,16022352,78585949,7,0
98203850,1988,8,4487069,85423631,98203850,12780219,93716781,12780219,80936562,0,0
98305368,1561,1,3696452,82137181,98305368,16168187,94608916,16168187,78440729,8,0
99141138,419,1,1690894,82965288,99141138,16175850,97450244,16175850,81274394,8,0
99281953,991,8,2867960,86322451,99281953,12959502,96413993,12959502,83454491,0,0
100264991,218,4,1284590,86650760,100264991,13614231,98980401,13614231,85366170,0,0
100329526,29,8,931137,86657080,100329526,13672446,99398389,13672446,85725943,0,0
100339774,984,4,2842353,86650760,100339774,13689014,97497421,13689014,83808407,0,0
101303075,1133,1,3079721,84139775,101303075,17163300,98223354,17163300,81060054,11,0
101404423,1641,2,3798226,85070377,101404423,16334046,97606197,16334046,81272151,8,0
101412909,355,8,1619883,87204064,101412909,14208845,99793026,14208845,85584181,0,0
102548406,1193,1,3193495,85025464,102548406,17522942,99354911,17445846,81909065,11,0
102863205,1184,1,3193455,85411432,102863205,17451773,99669750,17451773,82217977,9,0
102894493,1252,8,3273178,88306867,102894493,14587626,99621315,14587626,85033689,0,0
103298232,1912,1,4312420,85506241,103298232,17791991,98985812,17791991,81193821,10,0
103869758,1572,4,3706242,88653443,103869758,15216315,100163516,15216315,84947201,2,0
104402680,1845,1,4222975,86475145,104402680,17927535,100179705,17927535,82252170,11,0
105105904,1144,7,3088486,90200139,105105904,14905765,102017418,14905765,87111653,0,0
105920221,946,1,2810895,87329470,105920221,18590751,103109326,18198897,84910429,7,0
106864651,1162,1,3138858,87458938,106864651,19405713,103725793,18632694,85093099,7,0
107294924,249,8,1409023,92344296,107294924,14950628,105885901,14950628,90935273,0,0
108965702,1229,1,3193648,88120168,108965702,20845534,105772054,19298838,86473216,9,0
109732363,94,4,1092167,91708346,109732363,18024017,108640196,18024017,90616179,5,0
109942168,518,8,1895143,94311817,109942168,15630351,108047025,15630351,92416674,0,0
109995045,1207,1,3193559,90619556,109995045,19375489,106801486,19375489,87425997,9,0
110541921,460,1,1692034,91138076,110541921,19403845,108849887,19403845,89446042,8,0
110598500,1619,8,3790445,94805625,110598500,15792875,106808055,15792875,91015180,0,0
111162382,396,1,1690786,91691824,111162382,19470558,109471596,19470558,90001038,10,0
111722488,1923,8,4336958,95604441,111722488,16118047,107385530,16118047,91267483,0,0
112264180,440,1,1691558,92713738,112264180,19550442,110572622,19550442,91022180,8,0
113170214,1861,8,4259695,96981645,113170214,16188569,108910519,16188569,92721950,0,0
113249030,1230,1,3193652,92856651,113249030,20392379,110055378,20392379,89662999,11,0
114352318,474,1,1713634,93226667,114352318,21125651,112638684,21125651,91513033,12,0
114416452,795,8,2483315,98203850,114416452,16212602,111933137,16212602,95720535,0,0
114466479,1901,32,4308059,113170214,114466479,1296265,110158420,1296265,108862155,0,0
114877280,1121,1,3067957,93535241,114877280,21342039,111809323,21342039,90467284,12,0
115655541,1075,8,3005983,99281953,115655541,16373588,112649558,16373588,96275970,0,0
116218857,475,1,1713637,93860940,116218857,22357917,114505220,21762548,92742672,10,0
117438537,654,8,2191212,100329526,117438537,17109011,115247325,17109011,98138314,0,0
117598117,399,1,1690807,93860940,117598117,23737177,115907310,21805883,94101427,10,0
117984112,1264,1,3340533,93860940,117984112,24123172,114643579,22191385,92452194,10,0
118142902,103,1,1095725,93860940,118142902,24281962,117047177,22249131,94798046,9,0
118918122,179,8,1240489,101404423,118918122,17513699,117677633,17513699,100163934,0,0
119400688,1608,8,3771100,101412909,119400688,17987779,115629588,17987779,97641809,0,0
119512697,134,1,1161521,97039575,119512697,22473122,118351176,22473122,95878054,10,0
120695040,1313,1,3363305,97971510,120695040,22723530,117331735,22723530,94608205,13,0
121166079,67,8,1025721,102894493,121166079,18271586,120140358,18271586,101868772,1,0
121293307,1785,4,4107881,100339774,121293307,20953533,117185426,19494751,97690675,5,0
121423827,758,1,2409759,98305368,121423827,23118459,119014068,23118459,95895609,13,0
122291893,1662,1,3858030,99141138,122291893,23150755,118433863,23150755,95283108,13,0
123678799,1836,8,4214464,105105904,123678799,18572895,119464335,18572895,100891440,0,0
123948694,374,1,1690276,100264991,123948694,23683703,122258418,23683703,98574715,13,0
124428051,123,1,1118114,100264991,124428051,24163060,123309937,23728033,99581904,12,0
125118398,1857,1,4256276,100264991,125118398,24853407,120862122,23846854,97015268,12,0
126238278,34,16,953266,114466479,126238278,11771799,125285012,11771799,113513213,0,0
126450060,573,1,1982272,100264991,126450060,26185069,124467788,24034533,100433255,10,0
127406855,1484,16,3603092,114466479,127406855,12940376,123803763,12940376,110863387,0,0
127999281,1910,1,4311954,101303075,127999281,26696206,123687327,24230871,99456456,6,0
128101409,390,1,1690745,103869758,128101409,24231651,126410664,24231651,102179013,5,0
129274810,750,8,2404645,109732363,129274810,19542447,126870165,19542447,107327718,0,0
129633858,26,8,930392,930392,129633858,128703466,128703466,19708155,108995311,2,0
130452510,1211,1,3193575,104402680,130452510,26049830,127258935,25235513,102023422,8,0
131852184,717,8,2322912,110598500,131852184,21253684,129529272,20007446,109521826,1,0
132970116,1235,1,3193670,106864651,132970116,26105465,129776446,26105465,103670981,15,0
133858480,450,1,1691783,107294924,133858480,26563556,132166697,26563556,105603141,16,0
134762308,1339,8,3371496,111722488,134762308,23039820,131390812,20554493,110836319,2,0
137457541,1384,16,3443613,122291893,137457541,15165648,134013928,15165648,118848280,0,0
137740099,1157,8,3114770,112264180,137740099,25475919,134625329,21207596,113417733,1,0
138016612,461,1,1692048,107294924,138016612,30721688,136324564,29736838,106587726,17,0
139229578,1202,1,3193540,107294924,139229578,31934654,136036038,29846516,106189522,17,0
139803127,444,1,1691634,107294924,139803127,32508203,138111493,29895103,108216390,15,0
140540811,229,8,1336414,118918122,140540811,21622689,139204397,21622689,117581708,0,0
141244143,462,1,1692068,107294924,141244143,33949219,139552075,29994542,109557533,15,0
141674394,1877,8,4289489,119400688,141674394,22273706,137384905,22273706,115111199,1,0
142480697,1553,16,3691977,126238278,142480697,16242419,138788720,16242419,122546301,0,0
143442437,113,1,1099104,107294924,143442437,36147513,142343333,30550894,111792439,15,0
144488784,149,1,1165363,107294924,144488784,37193860,143323421,30664370,112659051,16,0
144898592,519,16,1918310,127406855,144898592,17491737,142980282,17491737,125488545,0,0
145054196,747,8,2403373,121166079,145054196,23888117,142650823,22501211,120149612,3,0
146351021,405,1,1690850,107294924,146351021,39056097,144660171,30879290,113780881,15,0
151161928,606,8,2008272,121423827,151161928,29738101,149153656,22755184,126398472,1,0
152321995,139,1,1161611,108965702,152321995,43356293,151160384,31051092,120109292,12,0
153851786,642,8,2157440,129633858,153851786,24217928,151694346,24217928,127476418,0,0
154858138,619,1,2057998,120695040,154858138,34163098,152800140,31158874,121641266,11,0
156420014,207,8,1271714,131852184,156420014,24567830,155148300,24567830,130580470,0,0
157830501,682,1,2237532,121293307,157830501,36537194,155592969,32842623,122750346,10,0
159669420,616,2,2008509,121293307,159669420,38376113,157660911,31800659,125860252,7,0
159730327,1607,8,3770918,134762308,159730327,24968019,155959409,24968019,130991390,0,0
159900146,1305,16,3362331,137457541,159900146,22442605,156537815,22442605,134095210,0,0
162492464,1492,1,3615154,121293307,162492464,41199157,158877310,36070796,122806514,10,0
163862848,1606,8,3770850,137740099,163862848,26122749,160091998,26122749,133969249,0,0
166739648,778,8,2454643,140540811,166739648,26198837,164285005,26198837,138086168,0,0
167201725,14,1,881304,881304,167201725,166320421,166320421,36872754,129447667,41,0
167882421,1085,8,3019184,141674394,167882421,26208027,164863237,26208027,138655210,0,0
169947202,31,8,938339,142480697,169947202,27466505,169008863,27466505,141542358,0,0
170010321,1778,8,4095052,142480697,170010321,27529624,165915269,27529624,138385645,0,0
171181283,1203,1,3193544,132970116,171181283,38211167,167987739,38211167,129776572,10,0
173877355,84,8,1071580,144898592,173877355,28978763,172805775,28978763,143827012,0,0
174312095,1826,8,4194650,144898592,174312095,29413503,170117445,29413503,140703942,0,0
174330326,12,1,880145,880145,174330326,173450181,173450181,40594521,132855660,43,0
174503416,628,8,2150028,145054196,174503416,29449220,172353388,29449220,142904168,0,0
180095753,1198,1,3193517,138016612,180095753,42079141,176902236,42079141,134823095,11,0
181381370,1228,1,3193644,139229578,181381370,42151792,178187726,42151792,136035934,10,0
181521383,1851,8,4229135,151161928,181521383,30359455,177292248,30359455,146932793,0,0
182125590,1186,1,3193463,139803127,182125590,42322463,178932127,42322463,136609664,9,0
184303858,527,1,1936564,141244143,184303858,43059715,182367294,43059715,139307579,8,0
185657513,1151,8,3107807,153851786,185657513,31805727,182549706,31805727,150743979,0,0
188460361,383,1,1690695,143442437,188460361,45017924,186769666,45017924,141751742,8,0
189034801,1071,8,3005048,156420014,189034801,32614787,186029753,32614787,153414966,0,0
189777512,1754,16,4044551,159900146,189777512,29877366,185732961,29877366,155855595,0,0
191998637,370,1,1685912,144488784,191998637,47509853,190312725,47509853,142802872,9,0
192359727,1467,8,3563716,159730327,192359727,32629400,188796011,32629400,156166611,0,0
197624561,687,8,2252454,163862848,197624561,33761713,195372107,33761713,161610394,0,0
197907173,418,1,1690891,146351021,197907173,51556152,196216282,51556152,144660130,10,0
202184899,1008,4,2890017,159669420,202184899,42515479,199294882,42515479,156779403,4,0
203358958,1856,8,4248721,166739648,203358958,36619310,199110237,36619310,162490927,0,0
205119900,785,8,2472181,167882421,205119900,37237479,202647719,37237479,165410240,0,0
207764430,745,8,2388060,169947202,207764430,37817228,205376370,37817228,167559142,0,0
208024692,473,1,1713480,152321995,208024692,55702697,206311212,55702697,150608515,13,0
208743408,1529,8,3623818,170010321,208743408,38733087,205119590,38733087,166386503,0,0
213620417,1174,8,3168827,173877355,213620417,39743062,210451590,39743062,170708528,0,0
213753349,1219,1,3193604,154858138,213753349,58895211,210559745,56072167,154487578,12,0
214323981,1038,8,2964423,174312095,214323981,40011886,211359558,40011886,171347672,1,0
220962729,1440,8,3517295,174503416,220962729,46459313,217445434,46459313,170986121,0,0
221444148,1209,1,3193568,157830501,221444148,63613647,218250580,56081342,162169238,10,0
224953029,1374,16,3428655,189777512,224953029,35175517,221524374,35175517,186348857,0,0
228380292,955,4,2814649,181521383,228380292,46858909,225565643,46858909,178706734,0,0
230995263,528,4,1941972,181521383,230995263,49473880,229053291,49473880,179579411,1,0
233581387,1480,1,3599672,171181283,233581387,62400104,229981715,62400104,167581611,9,0
233644154,192,8,1251444,185657513,233644154,47986641,232392710,47986641,184406069,0,0
236352107,1753,16,4043556,197624561,236352107,38727546,232308551,38727546,193581005,0,0
236956280,1913,1,4312491,174330326,236956280,62625954,232643789,62625954,170017835,9,0
240902827,3,8,476285,476285,240902827,240426542,240426542,52322471,188104071,4,0
245852079,1232,1,3193659,180095753,245852079,65756326,242658420,65756326,176902094,10,0
251519771,1381,8,3440492,192359727,251519771,59160044,248079279,54599706,193479573,1,0
258839046,1645,8,3821570,203358958,258839046,55480088,255017476,55480088,199537388,0,0
263794141,1485,4,3603227,188460361,263794141,75333780,260190914,72398779,187792135,7,0
267444578,1632,1,3797231,181381370,267444578,86063208,263647347,82524932,181122415,11,0
268662267,120,8,1114093,207764430,268662267,60897837,267548174,60897837,206650337,0,0
270106581,1982,8,4480780,208743408,270106581,61363173,265625801,61363173,204262628,0,0
271376835,1864,16,4260900,224953029,271376835,46423806,267115935,46423806,220692129,0,0
275471082,646,8,2170440,213620417,275471082,61850665,273300642,61850665,211449977,0,0
276693563,1238,8,3195047,214323981,276693563,62369582,273498516,62369582,211128934,0,0
279024987,10,1,880076,880076,279024987,278144911,278144911,87572377,190572534,41,0
287532967,1860,8,4259669,220962729,287532967,66570238,283273298,66570238,216703060,0,0
294027636,1511,1,3619305,184303858,294027636,109723778,290408331,93064239,197344092,8,0
298894974,1915,1,4312850,205119900,298894974,93775074,294582124,93775074,200807050,8,0
299768095,1598,8,3763948,228380292,299768095,71387803,296004147,71387803,224616344,0,0
305913926,559,8,1978795,233644154,305913926,72269772,303935131,72269772,231665359,0,0
310430077,412,1,1690875,205119900,310430077,105310177,308739202,105310177,203429025,11,0
313523214,641,8,2156743,236352107,313523214,77171107,311366471,77171107,234195364,0,0
317035847,1115,8,3059922,236352107,317035847,80683740,313975925,80683740,233292185,0,0
317584563,1899,32,4307901,299768095,317584563,17816468,313276662,17816468,295460194,0,0
318030501,1911,1,4312249,205119900,318030501,112910601,313718252,110295630,203422622,12,0
330130803,282,8,1587573,240902827,330130803,89227976,328543230,89227976,239315254,0,0
330340673,498,1,1860323,208024692,330340673,122315981,328480350,119701010,208779340,12,0
344457483,1975,8,4443663,251519771,344457483,92937712,340013820,92937712,247076108,0,0
352105800,1528,8,3623665,258839046,352105800,93266754,348482135,93266754,255215381,0,0
370992642,6,8,627951,627951,370992642,370364691,370364691,107500942,262863749,2,0
378913270,5,8,600049,600049,378913270,378313221,378313221,110577404,267735817,19,0
389101541,1536,8,3628889,270106581,389101541,118994960,385472652,118994960,266477692,0,0
398994021,250,8,1422864,271376835,398994021,127617186,397571157,127617186,269953971,0,0
420430202,1552,8,3691049,271376835,420430202,149053367,416739153,149053367,267685786,0,0
592101783,1358,1,3411993,213753349,592101783,378348434,588689790,375733463,212956327,18,0
652689112,1222,1,3193617,221444148,652689112,431244964,649495495,424979556,224515939,21,0
